1 0
1 1
1 2
1 3
1 1
1 0
1 1
1 4
1 5
1 6
1 0
1 0
1 4
1 7
1 8
2 9
2 10
2 11
2 12
2 13
2 13
2 10
2 9
2 12
2 10
2 12
2 14
2 12
2 10
2 15
2 12
2 9
2 12
2 9
2 12
2 15
2 14
2 12
2 12
2 9
2 12
2 9
2 12
2 11
2 12
3 16
3 17
3 18
3 17
3 19
3 20
3 21
3 22
3 23
3 20
3 24
3 25
3 19
3 19
3 20
3 21
3 19
3 7
3 20
3 26
3 27
3 28
3 19
3 29
3 17
3 30
3 31
3 21
3 20
3 32
3 28
3 33
3 34
3 19
3 20
3 18
3 19
3 20
3 35
3 36
3 20
3 19
3 37
3 20
3 31
3 20
3 19
3 38
3 33
3 7
3 39
3 20
3 19
3 20
3 40
3 20
3 41
3 36
3 42
3 21
3 20
3 28
3 19
3 19
3 17
3 43
3 20
3 44
3 45
3 20
3 38
3 20
3 41
3 20
3 17
3 32
3 42
3 39
3 17
3 30
3 1
3 20
3 46
3 47
3 42
3 27
3 32
3 20
3 20
3 20
3 40
3 48
3 49
3 50
3 51
3 19
3 27
3 24
3 21
3 20
3 19
3 19
3 52
3 30
3 19
3 20
3 27
4 22
4 53
4 20
4 30
4 52
4 31
4 21
4 19
4 20
4 54
4 52
4 25
4 20
4 20
4 21
4 55
4 48
4 56
4 57
4 20
4 64
4 20
4 32
4 21
4 21
4 20
4 30
4 19
4 20
4 20
4 32
4 19
4 20
4 20
4 20
4 20
4 58
4 22
4 20
4 20
4 20
4 32
4 26
4 40
4 59
4 20
4 20
4 20
4 7
4 20
4 20
4 20
4 60
4 20
4 20
4 53
4 25
4 20
4 61
4 31
4 20
4 21
4 20
4 20
4 20
4 49
4 21
4 20
4 62
4 42
4 28
4 50
4 20
4 20
4 23
4 21
4 20
4 63
4 64
4 50
4 20
4 44
4 60
4 65
4 45
4 66
4 54
4 20
4 20
4 67
4 7
4 20
4 20
4 7
4 17
4 20
4 20
4 20
4 21
4 20
4 47
4 20
4 20
4 20
4 20
4 56
4 20
4 47
4 20
4 59
4 20
4 54
4 20
4 20
5 20
5 25
5 20
5 32
5 68
5 20
5 20
5 17
5 17
5 30
5 25
5 20
5 17
5 1
5 47
5 68
5 20
5 16
5 25
5 25
5 25
5 20
5 20
5 20
5 20
5 20
5 21
6 69
6 70
6 69
6 71
6 72
7 73
7 74
7 75
7 5
7 75
7 76
7 73
7 77
7 70
7 75
7 75
7 7
7 78
7 78
7 75
7 79
7 75
7 72
7 80
7 72
8 6
8 81
8 82
9 83
9 83
9 83
9 83
9 17
9 17
9 84
9 83
9 84
9 83
9 85
9 17
9 83
9 83
9 42
9 83
9 17
9 83
9 30
9 41
9 17
9 83
9 83
10 86
10 87
10 88
10 89
10 88
10 88
10 88
10 88
10 88
10 90
10 90
10 91
10 88
10 90
10 7
10 88
10 88
10 92
10 93
10 88
10 88
10 88
10 89
10 87
10 1
10 94
10 91
10 93
10 87
11 95
11 96
12 97
12 97
12 98
12 97
12 99
12 97
12 100
12 97
12 97
12 101
12 102
13 103
13 104
13 105
13 106
13 107
13 106
13 1
13 1
13 103
13 108
13 106
13 109
14 110
14 111
14 111
14 112
15 1
15 20
15 113
15 112
15 1
15 114
15 1
15 112
15 99
15 29
15 1
15 1
15 20
15 115
15 20
16 1
16 1
16 1
16 1
16 1
16 116
16 112
16 1
16 1
16 117
16 1
17 118
17 119
17 108
17 119
17 120
17 121
17 118
18 122
19 123
20 124
20 5
20 125
20 46
20 126
20 125
20 1
21 1
22 1
22 1
22 1
22 127
22 128
22 1
22 1
22 129
22 1
22 65
22 1
22 130
22 1
22 131
22 132
22 1
22 1
22 1
22 133
22 1
22 1
22 132
22 127
22 1
22 1
22 134
22 135
22 1
22 1
22 1
22 1
22 109
22 1
22 136
22 41
22 137
22 138
22 1
22 1
22 129
22 136
22 1
22 1
22 1
22 1
22 139
22 1
22 1
22 1
22 1
22 1
22 1
22 137
22 1
22 135
22 140
22 141
22 1
22 142
22 1
22 1
22 139
22 133
22 1
22 1
22 7
22 1
22 143
22 144
23 129
23 129
23 145
23 129
24 146
24 146
24 147
24 148
24 149
24 150
24 148
24 146
24 147
24 146
24 151
24 146
24 147
24 152
24 152
24 153
24 146
24 75
24 150
24 146
24 72
25 154
25 155
25 154
25 154
25 154
25 156
25 128
25 157
25 132
25 154
26 44
26 35
26 128
28 1
28 1
28 116
28 117
28 1
28 117
29 158
30 20
30 20
30 57
30 159
30 60
30 20
30 21
30 34
30 160
30 20
30 20
30 161
30 51
30 30
30 162
30 20
30 163
30 21
30 162
30 20
30 46
30 20
30 60
30 46
30 164
30 20
30 60
30 20
30 20
30 20
30 165
30 20
30 166
30 17
30 20
30 1
30 31
30 160
30 111
30 164
30 159
30 167
30 28
30 20
30 20
30 31
30 20
30 20
30 168
30 20
30 164
30 60
30 20
30 20
30 60
30 21
30 63
30 20
30 61
30 20
30 20
30 164
30 162
30 7
30 164
30 20
30 159
30 60
30 56
30 60
30 20
30 60
30 19
30 20
30 165
30 20
30 169
30 28
30 28
30 20
30 161
30 20
30 20
30 20
30 28
30 20
30 169
30 162
30 21
30 20
30 31
30 61
30 167
30 19
30 37
30 20
30 21
30 20
30 35
30 164
30 20
30 170
30 20
30 35
30 20
30 20
30 20
31 1
31 171
31 171
32 1
32 115
32 1
32 1
32 172
32 1
32 143
32 113
32 1
33 173
33 138
33 112
33 173
33 1
33 173
34 174
34 6
34 175
34 176
34 177
34 39
34 175
34 486
35 178
35 179
35 180
35 177
35 177
35 180
35 177
35 180
35 180
35 181
35 182
35 180
35 177
35 180
35 183
35 181
35 182
35 180
35 180
35 182
35 180
35 180
35 184
35 183
35 182
35 180
35 180
35 180
35 185
35 180
35 182
35 184
35 184
35 181
35 182
35 185
35 184
35 184
35 186
35 180
35 180
35 180
35 180
35 186
35 180
35 187
35 178
35 179
35 181
35 182
35 180
35 180
35 180
35 188
35 180
35 184
35 177
35 184
35 181
35 182
35 184
35 184
35 182
35 180
35 189
35 180
35 188
35 184
35 180
35 184
36 190
36 72
36 191
36 76
36 192
36 193
36 191
36 194
36 193
36 195
36 69
36 72
36 75
36 195
36 72
36 191
36 194
36 195
36 72
36 1
36 191
36 72
36 72
36 191
36 79
37 196
37 153
37 197
37 197
37 155
37 197
37 197
37 197
37 332
37 197
38 198
38 58
38 198
38 198
38 198
38 199
38 200
38 198
38 198
38 201
38 141
38 198
38 131
38 199
38 202
38 203
38 155
38 198
38 198
38 204
38 203
38 198
38 202
38 198
38 201
38 201
38 200
39 205
39 206
39 205
39 207
39 208
39 209
39 209
39 146
39 210
39 211
39 211
39 212
39 213
39 211
39 192
39 212
39 211
39 214
39 210
39 205
39 205
39 215
39 205
39 148
39 209
39 211
39 216
39 217
39 211
39 218
39 218
39 213
39 219
39 211
39 213
39 221
39 207
39 209
39 209
39 211
39 209
39 208
39 120
39 211
39 216
39 211
39 219
39 151
39 149
39 219
39 209
39 211
39 205
39 213
39 220
39 211
39 216
39 205
39 147
39 211
39 205
39 208
39 213
39 205
39 209
39 146
39 205
39 211
39 211
39 211
39 219
39 217
39 115
39 71
39 220
39 208
39 211
39 211
39 205
39 221
39 209
39 206
39 211
39 208
39 222
39 205
39 216
40 173
40 65
40 173
40 173
40 1
40 204
40 1
40 65
40 173
41 123
41 223
42 224
42 158
42 82
42 114
43 225
43 1
43 41
43 129
43 134
43 145
43 225
43 1
44 1
44 113
44 21
44 1
44 1
44 82
44 1
44 226
44 1
44 1
44 226
44 1
44 27
44 227
45 272
45 67
45 67
46 228
46 229
47 230
47 231
47 7
50 153
50 232
50 233
50 233
50 234
50 234
50 235
50 232
50 153
50 236
50 201
50 235
51 203
51 7
51 155
51 144
51 1
51 237
51 155
52 82
52 238
52 154
52 239
52 240
52 241
52 242
52 82
52 243
52 238
52 242
52 244
52 238
52 240
52 243
52 231
52 245
52 241
52 246
52 154
52 154
52 240
52 247
52 248
52 245
52 240
52 243
52 245
52 82
52 238
52 238
52 240
55 1
55 1
55 1
55 1
55 249
55 1
55 250
55 251
55 252
55 1
55 253
55 254
56 1
56 255
57 77
57 190
57 193
57 256
57 257
58 82
58 230
58 1
58 1
58 1
58 258
58 259
59 1
59 1
59 1
59 258
59 259
59 230
59 82
62 260
62 6
62 154
62 261
62 262
62 124
62 1
62 128
62 154
62 263
62 264
62 6
62 155
62 72
63 265
64 126
64 5
64 247
65 266
65 54
65 20
65 267
65 156
65 125
65 268
65 140
65 269
65 124
65 1
65 54
65 125
65 267
65 172
66 7
66 270
67 271
67 272
67 271
67 1
67 85
67 265
67 273
67 274
67 1
67 275
67 196
67 273
67 273
67 276
67 1
67 1
67 273
67 276
67 1
67 271
68 277
68 277
68 278
68 279
68 278
68 263
68 280
68 281
68 282
68 277
68 277
68 280
68 283
68 263
68 382
68 277
68 263
68 284
68 285
68 277
68 286
68 263
68 278
68 287
68 277
68 288
68 263
68 121
68 277
68 289
68 263
68 278
68 283
68 263
68 263
68 263
68 277
68 241
68 263
68 290
68 277
68 285
68 277
68 263
68 263
68 277
68 277
68 263
68 263
68 277
68 263
68 282
68 289
68 263
68 288
68 291
68 278
68 288
68 263
68 288
68 283
68 263
68 281
68 287
68 263
68 277
68 263
68 263
68 285
68 277
68 288
68 286
68 263
68 285
68 290
68 263
68 280
68 283
68 263
68 263
68 280
68 289
68 277
68 277
68 144
69 292
69 293
70 104
70 105
70 107
71 294
71 295
71 82
71 295
71 295
71 2
71 178
71 295
71 295
71 7
71 295
71 295
71 125
72 1
73 1
73 275
73 1
74 275
74 127
75 1
75 253
75 254
75 1
75 1
75 1
75 250
75 251
75 252
77 155
78 226
78 296
78 297
80 298
81 299
81 300
81 301
81 1
81 302
81 86
81 303
81 304
82 305
82 306
82 305
82 307
82 308
82 305
82 305
82 305
82 305
82 255
82 305
82 309
82 310
82 306
82 307
82 311
82 1
83 1
83 1
83 312
83 1
84 313
84 1
84 313
84 313
84 313
84 314
84 315
84 316
84 2
84 2
84 317
84 2
84 316
84 2
84 1
84 2
84 1
84 318
84 2
84 313
84 4
84 319
84 313
84 1
84 313
84 1
84 2
84 320
85 82
85 321
85 322
85 214
85 82
85 2
85 323
85 82
85 2
85 324
85 324
85 325
85 18
85 82
85 326
85 82
85 2
85 82
85 1
85 327
85 327
85 155
85 327
85 328
85 222
85 323
85 327
85 306
85 319
85 326
85 2
85 245
85 323
85 226
85 321
85 328
85 318
85 323
85 1
85 224
85 327
85 327
85 1
85 122
85 325
85 2
85 1
88 95
88 96
89 80
89 329
89 1
90 262
91 330
91 226
91 331
91 330
91 331
91 226
91 331
91 226
91 331
91 226
92 1
92 127
92 8
92 332
92 135
92 135
92 333
92 155
92 269
92 333
92 135
92 155
92 155
93 1
94 256
94 257
94 77
94 190
94 193
95 1
96 334
96 144
96 32
96 19
96 110
96 125
96 19
96 19
96 2
96 19
96 4
96 82
96 19
96 335
96 336
96 1
96 19
96 19
96 337
96 338
96 20
96 1
96 19
96 19
96 19
96 19
96 19
97 1
97 1
97 1
101 339
101 81
101 130
101 340
101 341
101 342
101 204
101 131
101 198
101 339
101 343
101 202
101 341
101 1
101 264
101 344
101 204
104 239
104 345
104 176
104 237
104 346
104 155
104 347
104 128
105 178
108 115
108 157
108 348
108 349
109 1
110 1
110 20
110 342
110 174
110 1
110 266
112 268
112 350
112 1
112 55
112 351
112 1
112 352
112 353
112 3
112 1
113 305
114 1
114 1
115 331
115 354
115 255
115 1
115 1
115 331
117 41
117 226
119 355
119 356
119 357
119 358
119 358
119 358
119 358
119 358
119 359
119 358
119 355
119 356
121 228
121 229
122 236
122 360
122 361
124 88
124 94
124 88
125 170
125 300
125 299
125 29
125 362
125 32
125 1
125 1
125 301
125 86
125 304
125 303
126 363
126 1
126 364
126 365
126 298
126 338
126 366
126 367
126 1
126 368
126 369
126 1
126 370
126 168
126 371
126 281
126 372
126 373
126 374
126 375
126 376
126 62
126 377
126 378
126 379
126 380
126 381
126 363
126 28
126 277
126 382
126 383
126 309
126 1
126 1
126 384
126 385
126 386
126 387
126 388
126 1
126 389
126 1
126 390
126 1
126 391
126 1
126 154
126 343
126 392
126 389
126 393
126 317
126 394
126 395
126 396
126 291
126 397
126 398
126 399
126 344
126 400
126 401
126 368
126 19
126 402
126 43
126 403
127 100
127 98
128 226
128 226
128 226
128 226
128 306
128 404
128 1
128 226
128 226
128 226
128 226
128 226
128 226
128 226
128 226
128 1
128 226
128 226
128 226
128 320
128 226
128 226
128 226
128 226
128 331
128 226
128 226
128 226
128 306
128 226
128 405
128 8
128 406
128 331
128 226
128 407
128 408
128 226
128 226
128 310
128 226
128 331
128 409
128 226
128 226
128 268
128 226
128 331
128 226
128 226
128 226
128 226
128 226
128 226
128 226
128 226
128 226
128 410
128 226
128 410
128 411
128 226
128 226
128 226
128 226
128 255
128 412
128 226
128 226
128 226
128 226
128 226
128 226
128 226
129 292
129 312
129 293
134 1
134 155
134 315
134 74
134 1
134 1
134 1
135 361
135 361
135 1
136 1
136 1
136 304
138 413
139 349
139 348
139 157
139 92
139 115
140 172
140 27
140 1
140 1
140 1
140 284
140 227
140 1
140 331
141 340
141 182
141 82
141 314
141 114
141 248
142 1
142 1
142 1
142 1
144 270
144 414
144 329
144 380
144 382
144 415
144 415
144 415
144 17
144 415
144 141
145 101
147 416
147 416
147 416
147 416
150 77
150 190
150 193
150 256
150 257
152 38
153 417
153 218
153 418
153 419
153 1
153 420
153 421
153 422
153 423
153 424
153 425
153 357
153 426
153 427
153 347
153 428
153 357
153 429
153 430
153 412
153 163
153 423
153 431
153 422
153 163
153 376
153 432
153 433
153 434
153 435
153 436
153 314
153 437
153 431
153 169
153 438
153 439
153 440
153 163
153 408
153 441
153 163
153 437
153 442
153 430
153 437
153 432
153 443
153 82
153 440
153 444
153 445
153 166
153 446
153 103
153 1
153 294
153 441
153 354
153 447
153 357
153 448
153 449
153 409
153 430
153 450
153 451
153 433
153 452
153 453
153 437
153 454
153 455
153 407
153 430
153 456
153 271
153 357
153 457
153 406
153 458
153 357
153 459
153 346
153 426
153 431
153 460
153 405
153 461
153 462
153 442
153 432
153 430
153 463
153 430
153 166
153 430
153 430
153 461
153 432
153 448
153 430
153 464
153 437
153 465
153 294
153 260
153 415
153 169
153 357
153 320
153 169
153 466
153 461
153 359
153 430
153 279
153 467
153 468
153 271
153 453
153 469
153 414
153 437
153 430
153 435
153 430
153 432
153 163
153 470
153 471
153 445
153 430
153 223
153 279
153 472
153 169
153 404
153 430
153 359
153 473
153 442
153 357
153 474
153 475
153 476
153 477
153 478
153 479
153 1
153 441
153 279
153 1
153 480
153 357
153 481
153 158
153 437
155 482
155 482
155 483
155 483
155 305
155 308
155 306
155 484
155 311
155 271
155 483
155 485
155 482
155 484
155 271
155 485
155 4
156 314
156 463
158 102
158 125
158 1
159 125
159 1
159 125
159 125
159 125
159 125
159 125
161 1
163 459
163 426
163 427
163 428
163 423
163 163
163 446
163 419
163 418
163 417
163 424
163 425
163 421
163 420
163 436
163 447
163 433
163 215
163 486
163 440
163 437
163 29
163 444
163 255
163 446
163 351
163 438
163 439
163 440
163 442
163 437
163 479
163 163
163 449
163 294
163 433
163 430
163 450
163 451
163 405
163 460
163 462
163 455
163 454
163 407
163 456
163 437
163 457
163 352
163 353
163 1
163 466
163 465
163 432
163 464
163 437
163 468
163 434
163 458
163 443
163 467
163 471
163 469
163 261
163 449
163 487
163 432
163 452
163 479
163 473
163 446
163 474
163 475
163 476
163 477
163 478
163 429
163 158
163 459
163 432
163 480
163 481
163 445
163 430
163 470
163 432
163 169
163 472
163 404
164 488
164 66
164 491
165 155
165 187
165 1
165 1
165 347
165 320
167 1
167 386
167 387
167 388
167 385
167 384
167 296
167 297
167 390
167 1
167 28
167 125
167 1
167 1
167 293
167 38
167 391
167 392
167 1
167 1
167 271
167 302
167 393
167 317
167 394
167 401
167 1
167 489
167 19
167 402
167 28
167 397
167 396
167 400
167 398
167 399
167 278
167 245
167 411
167 43
167 403
167 46
167 144
167 487
167 28
167 7
167 1
167 322
167 34
167 363
167 1
167 364
167 365
167 1
167 413
167 366
167 367
167 4
167 1
167 345
167 362
167 168
167 371
167 263
167 489
167 369
167 1
167 281
167 370
167 1
167 38
167 271
167 377
167 62
167 372
167 373
167 46
167 38
167 376
167 368
167 380
167 168
167 281
167 379
167 378
167 277
167 1
167 28
167 322
167 381
167 1
167 395
167 374
167 375
167 383
167 274
167 28
167 277
167 363
167 1
168 350
168 327
168 490
171 247
174 491
174 244
174 127
174 142
174 65
174 30
174 246
174 54
175 1
176 32
176 189
179 41
179 337
179 59
179 334
179 50
179 488
179 30
179 492
179 19
179 492
179 1
179 335
179 336
179 41
179 249
179 338
179 19
179 5
179 492
181 345
181 360
181 490
181 264
181 345
1 0
1 1
1 2
1 3
1 1
1 0
1 1
1 4
1 5
1 6
1 0
1 0
1 4
1 7
1 8
2 9
2 10
2 11
2 12
2 13
2 13
2 10
2 9
2 12
2 10
2 12
2 14
2 12
2 10
2 15
2 12
2 9
2 12
2 9
2 12
2 15
2 14
2 12
2 12
2 9
2 12
2 9
2 12
2 11
2 12
3 16
3 17
3 18
3 17
3 19
3 20
3 21
3 22
3 23
3 20
3 24
3 25
3 19
3 19
3 20
3 21
3 19
3 7
3 20
3 26
3 27
3 28
3 19
3 29
3 17
3 30
3 31
3 21
3 20
3 32
3 28
3 33
3 34
3 19
3 20
3 18
3 19
3 20
3 35
3 36
3 20
3 19
3 37
3 20
3 31
3 20
3 19
3 38
3 33
3 7
3 39
3 20
3 19
3 20
3 40
3 20
3 41
3 36
3 42
3 21
3 20
3 28
3 19
3 19
3 17
3 43
3 20
3 44
3 45
3 20
3 38
3 20
3 41
3 20
3 17
3 32
3 42
3 39
3 17
3 30
3 1
3 20
3 46
3 47
3 42
3 27
3 32
3 20
3 20
3 20
3 40
3 48
3 49
3 50
3 51
3 19
3 27
3 24
3 21
3 20
3 19
3 19
3 52
3 30
3 19
3 20
3 27
4 22
4 53
4 20
4 30
4 52
4 31
4 21
4 19
4 20
4 54
4 52
4 25
4 20
4 20
4 21
4 55
4 48
4 56
4 57
4 20
4 64
4 20
4 32
4 21
4 21
4 20
4 30
4 19
4 20
4 20
4 32
4 19
4 20
4 20
4 20
4 20
4 58
4 22
4 20
4 20
4 20
4 32
4 26
4 40
4 59
4 20
4 20
4 20
4 7
4 20
4 20
4 20
4 60
4 20
4 20
4 53
4 25
4 20
4 61
4 31
4 20
4 21
4 20
4 20
4 20
4 49
4 21
4 20
4 62
4 42
4 28
4 50
4 20
4 20
4 23
4 21
4 20
4 63
4 64
4 50
4 20
4 44
4 60
4 65
4 45
4 66
4 54
4 20
4 20
4 67
4 7
4 20
4 20
4 7
4 17
4 20
4 20
4 20
4 21
4 20
4 47
4 20
4 20
4 20
4 20
4 56
4 20
4 47
4 20
4 59
4 20
4 54
4 20
4 20
5 20
5 25
5 20
5 32
5 68
5 20
5 20
5 17
5 17
5 30
5 25
5 20
5 17
5 1
5 47
5 68
5 20
5 16
5 25
5 25
5 25
5 20
5 20
5 20
5 20
5 20
5 21
6 69
6 70
6 69
6 71
6 72
7 73
7 74
7 75
7 5
7 75
7 76
7 73
7 77
7 70
7 75
7 75
7 7
7 78
7 78
7 75
7 79
7 75
7 72
7 80
7 72
8 6
8 81
8 82
9 83
9 83
9 83
9 83
9 17
9 17
9 84
9 83
9 84
9 83
9 85
9 17
9 83
9 83
9 42
9 83
9 17
9 83
9 30
9 41
9 17
9 83
9 83
10 86
10 87
10 88
10 89
10 88
10 88
10 88
10 88
10 88
10 90
10 90
10 91
10 88
10 90
10 7
10 88
10 88
10 92
10 93
10 88
10 88
10 88
10 89
10 87
10 1
10 94
10 91
10 93
10 87
11 95
11 96
12 97
12 97
12 98
12 97
12 99
12 97
12 100
12 97
12 97
12 101
12 102
13 103
13 104
13 105
13 106
13 107
13 106
13 1
13 1
13 103
13 108
13 106
13 109
14 110
14 111
14 111
14 112
15 1
15 20
15 113
15 112
15 1
15 114
15 1
15 112
15 99
15 29
15 1
15 1
15 20
15 115
15 20
16 1
16 1
16 1
16 1
16 1
16 116
16 112
16 1
16 1
16 117
16 1
17 118
17 119
17 108
17 119
17 120
17 121
17 118
18 122
19 123
20 124
20 5
20 125
20 46
20 126
20 125
20 1
21 1
22 1
22 1
22 1
22 127
22 128
22 1
22 1
22 129
22 1
22 65
22 1
22 130
22 1
22 131
22 132
22 1
22 1
22 1
22 133
22 1
22 1
22 132
22 127
22 1
22 1
22 134
22 135
22 1
22 1
22 1
22 1
22 109
22 1
22 136
22 41
22 137
22 138
22 1
22 1
22 129
22 136
22 1
22 1
22 1
22 1
22 139
22 1
22 1
22 1
22 1
22 1
22 1
22 137
22 1
22 135
22 140
22 141
22 1
22 142
22 1
22 1
22 139
22 133
22 1
22 1
22 7
22 1
22 143
22 144
23 129
23 129
23 145
23 129
24 146
24 146
24 147
24 148
24 149
24 150
24 148
24 146
24 147
24 146
24 151
24 146
24 147
24 152
24 152
24 153
24 146
24 75
24 150
24 146
24 72
25 154
25 155
25 154
25 154
25 154
25 156
25 128
25 157
25 132
25 154
26 44
26 35
26 128
28 1
28 1
28 116
28 117
28 1
28 117
29 158
30 20
30 20
30 57
30 159
30 60
30 20
30 21
30 34
30 160
30 20
30 20
30 161
30 51
30 30
30 162
30 20
30 163
30 21
30 162
30 20
30 46
30 20
30 60
30 46
30 164
30 20
30 60
30 20
30 20
30 20
30 165
30 20
30 166
30 17
30 20
30 1
30 31
30 160
30 111
30 164
30 159
30 167
30 28
30 20
30 20
30 31
30 20
30 20
30 168
30 20
30 164
30 60
30 20
30 20
30 60
30 21
30 63
30 20
30 61
30 20
30 20
30 164
30 162
30 7
30 164
30 20
30 159
30 60
30 56
30 60
30 20
30 60
30 19
30 20
30 165
30 20
30 169
30 28
30 28
30 20
30 161
30 20
30 20
30 20
30 28
30 20
30 169
30 162
30 21
30 20
30 31
30 61
30 167
30 19
30 37
30 20
30 21
30 20
30 35
30 164
30 20
30 170
30 20
30 35
30 20
30 20
30 20
31 1
31 171
31 171
32 1
32 115
32 1
32 1
32 172
32 1
32 143
32 113
32 1
33 173
33 138
33 112
33 173
33 1
33 173
34 174
34 6
34 175
34 176
34 177
34 39
34 175
34 486
35 178
35 179
35 180
35 177
35 177
35 180
35 177
35 180
35 180
35 181
35 182
35 180
35 177
35 180
35 183
35 181
35 182
35 180
35 180
35 182
35 180
35 180
35 184
35 183
35 182
35 180
35 180
35 180
35 185
35 180
35 182
35 184
35 184
35 181
35 182
35 185
35 184
35 184
35 186
35 180
35 180
35 180
35 180
35 186
35 180
35 187
35 178
35 179
35 181
35 182
35 180
35 180
35 180
35 188
35 180
35 184
35 177
35 184
35 181
35 182
35 184
35 184
35 182
35 180
35 189
35 180
35 188
35 184
35 180
35 184
36 190
36 72
36 191
36 76
36 192
36 193
36 191
36 194
36 193
36 195
36 69
36 72
36 75
36 195
36 72
36 191
36 194
36 195
36 72
36 1
36 191
36 72
36 72
36 191
36 79
37 196
37 153
37 197
37 197
37 155
37 197
37 197
37 197
37 332
37 197
38 198
38 58
38 198
38 198
38 198
38 199
38 200
38 198
38 198
38 201
38 141
38 198
38 131
38 199
38 202
38 203
38 155
38 198
38 198
38 204
38 203
38 198
38 202
38 198
38 201
38 201
38 200
39 205
39 206
39 205
39 207
39 208
39 209
39 209
39 146
39 210
39 211
39 211
39 212
39 213
39 211
39 192
39 212
39 211
39 214
39 210
39 205
39 205
39 215
39 205
39 148
39 209
39 211
39 216
39 217
39 211
39 218
39 218
39 213
39 219
39 211
39 213
39 221
39 207
39 209
39 209
39 211
39 209
39 208
39 120
39 211
39 216
39 211
39 219
39 151
39 149
39 219
39 209
39 211
39 205
39 213
39 220
39 211
39 216
39 205
39 147
39 211
39 205
39 208
39 213
39 205
39 209
39 146
39 205
39 211
39 211
39 211
39 219
39 217
39 115
39 71
39 220
39 208
39 211
39 211
39 205
39 221
39 209
39 206
39 211
39 208
39 222
39 205
39 216
40 173
40 65
40 173
40 173
40 1
40 204
40 1
40 65
40 173
41 123
41 223
42 224
42 158
42 82
42 114
43 225
43 1
43 41
43 129
43 134
43 145
43 225
43 1
44 1
44 113
44 21
44 1
44 1
44 82
44 1
44 226
44 1
44 1
44 226
44 1
44 27
44 227
45 272
45 67
45 67
46 228
46 229
47 230
47 231
47 7
50 153
50 232
50 233
50 233
50 234
50 234
50 235
50 232
50 153
50 236
50 201
50 235
51 203
51 7
51 155
51 144
51 1
51 237
51 155
52 82
52 238
52 154
52 239
52 240
52 241
52 242
52 82
52 243
52 238
52 242
52 244
52 238
52 240
52 243
52 231
52 245
52 241
52 246
52 154
52 154
52 240
52 247
52 248
52 245
52 240
52 243
52 245
52 82
52 238
52 238
52 240
55 1
55 1
55 1
55 1
55 249
55 1
55 250
55 251
55 252
55 1
55 253
55 254
56 1
56 255
57 77
57 190
57 193
57 256
57 257
58 82
58 230
58 1
58 1
58 1
58 258
58 259
59 1
59 1
59 1
59 258
59 259
59 230
59 82
62 260
62 6
62 154
62 261
62 262
62 124
62 1
62 128
62 154
62 263
62 264
62 6
62 155
62 72
63 265
64 126
64 5
64 247
65 266
65 54
65 20
65 267
65 156
65 125
65 268
65 140
65 269
65 124
65 1
65 54
65 125
65 267
65 172
66 7
66 270
67 271
67 272
67 271
67 1
67 85
67 265
67 273
67 274
67 1
67 275
67 196
67 273
67 273
67 276
67 1
67 1
67 273
67 276
67 1
67 271
68 277
68 277
68 278
68 279
68 278
68 263
68 280
68 281
68 282
68 277
68 277
68 280
68 283
68 263
68 382
68 277
68 263
68 284
68 285
68 277
68 286
68 263
68 278
68 287
68 277
68 288
68 263
68 121
68 277
68 289
68 263
68 278
68 283
68 263
68 263
68 263
68 277
68 241
68 263
68 290
68 277
68 285
68 277
68 263
68 263
68 277
68 277
68 263
68 263
68 277
68 263
68 282
68 289
68 263
68 288
68 291
68 278
68 288
68 263
68 288
68 283
68 263
68 281
68 287
68 263
68 277
68 263
68 263
68 285
68 277
68 288
68 286
68 263
68 285
68 290
68 263
68 280
68 283
68 263
68 263
68 280
68 289
68 277
68 277
68 144
69 292
69 293
70 104
70 105
70 107
71 294
71 295
71 82
71 295
71 295
71 2
71 178
71 295
71 295
71 7
71 295
71 295
71 125
72 1
73 1
73 275
73 1
74 275
74 127
75 1
75 253
75 254
75 1
75 1
75 1
75 250
75 251
75 252
77 155
78 226
78 296
78 297
80 298
81 299
81 300
81 301
81 1
81 302
81 86
81 303
81 304
82 305
82 306
82 305
82 307
82 308
82 305
82 305
82 305
82 305
82 255
82 305
82 309
82 310
82 306
82 307
82 311
82 1
83 1
83 1
83 312
83 1
84 313
84 1
84 313
84 313
84 313
84 314
84 315
84 316
84 2
84 2
84 317
84 2
84 316
84 2
84 1
84 2
84 1
84 318
84 2
84 313
84 4
84 319
84 313
84 1
84 313
84 1
84 2
84 320
85 82
85 321
85 322
85 214
85 82
85 2
85 323
85 82
85 2
85 324
85 324
85 325
85 18
85 82
85 326
85 82
85 2
85 82
85 1
85 327
85 327
85 155
85 327
85 328
85 222
85 323
85 327
85 306
85 319
85 326
85 2
85 245
85 323
85 226
85 321
85 328
85 318
85 323
85 1
85 224
85 327
85 327
85 1
85 122
85 325
85 2
85 1
88 95
88 96
89 80
89 329
89 1
90 262
91 330
91 226
91 331
91 330
91 331
91 226
91 331
91 226
91 331
91 226
92 1
92 127
92 8
92 332
92 135
92 135
92 333
92 155
92 269
92 333
92 135
92 155
92 155
93 1
94 256
94 257
94 77
94 190
94 193
95 1
96 334
96 144
96 32
96 19
96 110
96 125
96 19
96 19
96 2
96 19
96 4
96 82
96 19
96 335
96 336
96 1
96 19
96 19
96 337
96 338
96 20
96 1
96 19
96 19
96 19
96 19
96 19
97 1
97 1
97 1
101 339
101 81
101 130
101 340
101 341
101 342
101 204
101 131
101 198
101 339
101 343
101 202
101 341
101 1
101 264
101 344
101 204
104 239
104 345
104 176
104 237
104 346
104 155
104 347
104 128
105 178
108 115
108 157
108 348
108 349
109 1
110 1
110 20
110 342
110 174
110 1
110 266
112 268
112 350
112 1
112 55
112 351
112 1
112 352
112 353
112 3
112 1
113 305
114 1
114 1
115 331
115 354
115 255
115 1
115 1
115 331
117 41
117 226
119 355
119 356
119 357
119 358
119 358
119 358
119 358
119 358
119 359
119 358
119 355
119 356
121 228
121 229
122 236
122 360
122 361
124 88
124 94
124 88
125 170
125 300
125 299
125 29
125 362
125 32
125 1
125 1
125 301
125 86
125 304
125 303
126 363
126 1
126 364
126 365
126 298
126 338
126 366
126 367
126 1
126 368
126 369
126 1
126 370
126 168
126 371
126 281
126 372
126 373
126 374
126 375
126 376
126 62
126 377
126 378
126 379
126 380
126 381
126 363
126 28
126 277
126 382
126 383
126 309
126 1
126 1
126 384
126 385
126 386
126 387
126 388
126 1
126 389
126 1
126 390
126 1
126 391
126 1
126 154
126 343
126 392
126 389
126 393
126 317
126 394
126 395
126 396
126 291
126 397
126 398
126 399
126 344
126 400
126 401
126 368
126 19
126 402
126 43
126 403
127 100
127 98
128 226
128 226
128 226
128 226
128 306
128 404
128 1
128 226
128 226
128 226
128 226
128 226
128 226
128 226
128 226
128 1
128 226
128 226
128 226
128 320
128 226
128 226
128 226
128 226
128 331
128 226
128 226
128 226
128 306
128 226
128 405
128 8
128 406
128 331
128 226
128 407
128 408
128 226
128 226
128 310
128 226
128 331
128 409
128 226
128 226
128 268
128 226
128 331
128 226
128 226
128 226
128 226
128 226
128 226
128 226
128 226
128 226
128 410
128 226
128 410
128 411
128 226
128 226
128 226
128 226
128 255
128 412
128 226
128 226
128 226
128 226
128 226
128 226
128 226
129 292
129 312
129 293
134 1
134 155
134 315
134 74
134 1
134 1
134 1
135 361
135 361
135 1
136 1
136 1
136 304
138 413
139 349
139 348
139 157
139 92
139 115
140 172
140 27
140 1
140 1
140 1
140 284
140 227
140 1
140 331
141 340
141 182
141 82
141 314
141 114
141 248
142 1
142 1
142 1
142 1
144 270
144 414
144 329
144 380
144 382
144 415
144 415
144 415
144 17
144 415
144 141
145 101
147 416
147 416
147 416
147 416
150 77
150 190
150 193
150 256
150 257
152 38
153 417
153 218
153 418
153 419
153 1
153 420
153 421
153 422
153 423
153 424
153 425
153 357
153 426
153 427
153 347
153 428
153 357
153 429
153 430
153 412
153 163
153 423
153 431
153 422
153 163
153 376
153 432
153 433
153 434
153 435
153 436
153 314
153 437
153 431
153 169
153 438
153 439
153 440
153 163
153 408
153 441
153 163
153 437
153 442
153 430
153 437
153 432
153 443
153 82
153 440
153 444
153 445
153 166
153 446
153 103
153 1
153 294
153 441
153 354
153 447
153 357
153 448
153 449
153 409
153 430
153 450
153 451
153 433
153 452
153 453
153 437
153 454
153 455
153 407
153 430
153 456
153 271
153 357
153 457
153 406
153 458
153 357
153 459
153 346
153 426
153 431
153 460
153 405
153 461
153 462
153 442
153 432
153 430
153 463
153 430
153 166
153 430
153 430
153 461
153 432
153 448
153 430
153 464
153 437
153 465
153 294
153 260
153 415
153 169
153 357
153 320
153 169
153 466
153 461
153 359
153 430
153 279
153 467
153 468
153 271
153 453
153 469
153 414
153 437
153 430
153 435
153 430
153 432
153 163
153 470
153 471
153 445
153 430
153 223
153 279
153 472
153 169
153 404
153 430
153 359
153 473
153 442
153 357
153 474
153 475
153 476
153 477
153 478
153 479
153 1
153 441
153 279
153 1
153 480
153 357
153 481
153 158
153 437
155 482
155 482
155 483
155 483
155 305
155 308
155 306
155 484
155 311
155 271
155 483
155 485
155 482
155 484
155 271
155 485
155 4
156 314
156 463
158 102
158 125
158 1
159 125
159 1
159 125
159 125
159 125
159 125
159 125
161 1
163 459
163 426
163 427
163 428
163 423
163 163
163 446
163 419
163 418
163 417
163 424
163 425
163 421
163 420
163 436
163 447
163 433
163 215
163 486
163 440
163 437
163 29
163 444
163 255
163 446
163 351
163 438
163 439
163 440
163 442
163 437
163 479
163 163
163 449
163 294
163 433
163 430
163 450
163 451
163 405
163 460
163 462
163 455
163 454
163 407
163 456
163 437
163 457
163 352
163 353
163 1
163 466
163 465
163 432
163 464
163 437
163 468
163 434
163 458
163 443
163 467
163 471
163 469
163 261
163 449
163 487
163 432
163 452
163 479
163 473
163 446
163 474
163 475
163 476
163 477
163 478
163 429
163 158
163 459
163 432
163 480
163 481
163 445
163 430
163 470
163 432
163 169
163 472
163 404
164 488
164 66
164 491
165 155
165 187
165 1
165 1
165 347
165 320
167 1
167 386
167 387
167 388
167 385
167 384
167 296
167 297
167 390
167 1
167 28
167 125
167 1
167 1
167 293
167 38
167 391
167 392
167 1
167 1
167 271
167 302
167 393
167 317
167 394
167 401
167 1
167 489
167 19
167 402
167 28
167 397
167 396
167 400
167 398
167 399
167 278
167 245
167 411
167 43
167 403
167 46
167 144
167 487
167 28
167 7
167 1
167 322
167 34
167 363
167 1
167 364
167 365
167 1
167 413
167 366
167 367
167 4
167 1
167 345
167 362
167 168
167 371
167 263
167 489
167 369
167 1
167 281
167 370
167 1
167 38
167 271
167 377
167 62
167 372
167 373
167 46
167 38
167 376
167 368
167 380
167 168
167 281
167 379
167 378
167 277
167 1
167 28
167 322
167 381
167 1
167 395
167 374
167 375
167 383
167 274
167 28
167 277
167 363
167 1
168 350
168 327
168 490
171 247
174 491
174 244
174 127
174 142
174 65
174 30
174 246
174 54
175 1
176 32
176 189
179 41
179 337
179 59
179 334
179 50
179 488
179 30
179 492
179 19
179 492
179 1
179 335
179 336
179 41
179 249
179 338
179 19
179 5
179 492
181 345
181 360
181 490
181 264
181 345
1 0
1 1
1 2
1 3
1 1
1 0
1 1
1 4
1 5
1 6
1 0
1 0
1 4
1 7
1 8
2 9
2 10
2 11
2 12
2 13
2 13
2 10
2 9
2 12
2 10
2 12
2 14
2 12
2 10
2 15
2 12
2 9
2 12
2 9
2 12
2 15
2 14
2 12
2 12
2 9
2 12
2 9
2 12
2 11
2 12
3 16
3 17
3 18
3 17
3 19
3 20
3 21
3 22
3 23
3 20
3 24
3 25
3 19
3 19
3 20
3 21
3 19
3 7
3 20
3 26
3 27
3 28
3 19
3 29
3 17
3 30
3 31
3 21
3 20
3 32
3 28
3 33
3 34
3 19
3 20
3 18
3 19
3 20
3 35
3 36
3 20
3 19
3 37
3 20
3 31
3 20
3 19
3 38
3 33
3 7
3 39
3 20
3 19
3 20
3 40
3 20
3 41
3 36
3 42
3 21
3 20
3 28
3 19
3 19
3 17
3 43
3 20
3 44
3 45
3 20
3 38
3 20
3 41
3 20
3 17
3 32
3 42
3 39
3 17
3 30
3 1
3 20
3 46
3 47
3 42
3 27
3 32
3 20
3 20
3 20
3 40
3 48
3 49
3 50
3 51
3 19
3 27
3 24
3 21
3 20
3 19
3 19
3 52
3 30
3 19
3 20
3 27
4 22
4 53
4 20
4 30
4 52
4 31
4 21
4 19
4 20
4 54
4 52
4 25
4 20
4 20
4 21
4 55
4 48
4 56
4 57
4 20
4 64
4 20
4 32
4 21
4 21
4 20
4 30
4 19
4 20
4 20
4 32
4 19
4 20
4 20
4 20
4 20
4 58
4 22
4 20
4 20
4 20
4 32
4 26
4 40
4 59
4 20
4 20
4 20
4 7
4 20
4 20
4 20
4 60
4 20
4 20
4 53
4 25
4 20
4 61
4 31
4 20
4 21
4 20
4 20
4 20
4 49
4 21
4 20
4 62
4 42
4 28
4 50
4 20
4 20
4 23
4 21
4 20
4 63
4 64
4 50
4 20
4 44
4 60
4 65
4 45
4 66
4 54
4 20
4 20
4 67
4 7
4 20
4 20
4 7
4 17
4 20
4 20
4 20
4 21
4 20
4 47
4 20
4 20
4 20
4 20
4 56
4 20
4 47
4 20
4 59
4 20
4 54
4 20
4 20
5 20
5 25
5 20
5 32
5 68
5 20
5 20
5 17
5 17
5 30
5 25
5 20
5 17
5 1
5 47
5 68
5 20
5 16
5 25
5 25
5 25
5 20
5 20
5 20
5 20
5 20
5 21
6 69
6 70
6 69
6 71
6 72
7 73
7 74
7 75
7 5
7 75
7 76
7 73
7 77
7 70
7 75
7 75
7 7
7 78
7 78
7 75
7 79
7 75
7 72
7 80
7 72
8 6
8 81
8 82
9 83
9 83
9 83
9 83
9 17
9 17
9 84
9 83
9 84
9 83
9 85
9 17
9 83
9 83
9 42
9 83
9 17
9 83
9 30
9 41
9 17
9 83
9 83
10 86
10 87
10 88
10 89
10 88
10 88
10 88
10 88
10 88
10 90
10 90
10 91
10 88
10 90
10 7
10 88
10 88
10 92
10 93
10 88
10 88
10 88
10 89
10 87
10 1
10 94
10 91
10 93
10 87
11 95
11 96
12 97
12 97
12 98
12 97
12 99
12 97
12 100
12 97
12 97
12 101
12 102
13 103
13 104
13 105
13 106
13 107
13 106
13 1
13 1
13 103
13 108
13 106
13 109
14 110
14 111
14 111
14 112
15 1
15 20
15 113
15 112
15 1
15 114
15 1
15 112
15 99
15 29
15 1
15 1
15 20
15 115
15 20
16 1
16 1
16 1
16 1
16 1
16 116
16 112
16 1
16 1
16 117
16 1
17 118
17 119
17 108
17 119
17 120
17 121
17 118
18 122
19 123
20 124
20 5
20 125
20 46
20 126
20 125
20 1
21 1
22 1
22 1
22 1
22 127
22 128
22 1
22 1
22 129
22 1
22 65
22 1
22 130
22 1
22 131
22 132
22 1
22 1
22 1
22 133
22 1
22 1
22 132
22 127
22 1
22 1
22 134
22 135
22 1
22 1
22 1
22 1
22 109
22 1
22 136
22 41
22 137
22 138
22 1
22 1
22 129
22 136
22 1
22 1
22 1
22 1
22 139
22 1
22 1
22 1
22 1
22 1
22 1
22 137
22 1
22 135
22 140
22 141
22 1
22 142
22 1
22 1
22 139
22 133
22 1
22 1
22 7
22 1
22 143
22 144
23 129
23 129
23 145
23 129
24 146
24 146
24 147
24 148
24 149
24 150
24 148
24 146
24 147
24 146
24 151
24 146
24 147
24 152
24 152
24 153
24 146
24 75
24 150
24 146
24 72
25 154
25 155
25 154
25 154
25 154
25 156
25 128
25 157
25 132
25 154
26 44
26 35
26 128
28 1
28 1
28 116
28 117
28 1
28 117
29 158
30 20
30 20
30 57
30 159
30 60
30 20
30 21
30 34
30 160
30 20
30 20
30 161
30 51
30 30
30 162
30 20
30 163
30 21
30 162
30 20
30 46
30 20
30 60
30 46
30 164
30 20
30 60
30 20
30 20
30 20
30 165
30 20
30 166
30 17
30 20
30 1
30 31
30 160
30 111
30 164
30 159
30 167
30 28
30 20
30 20
30 31
30 20
30 20
30 168
30 20
30 164
30 60
30 20
30 20
30 60
30 21
30 63
30 20
30 61
30 20
30 20
30 164
30 162
30 7
30 164
30 20
30 159
30 60
30 56
30 60
30 20
30 60
30 19
30 20
30 165
30 20
30 169
30 28
30 28
30 20
30 161
30 20
30 20
30 20
30 28
30 20
30 169
30 162
30 21
30 20
30 31
30 61
30 167
30 19
30 37
30 20
30 21
30 20
30 35
30 164
30 20
30 170
30 20
30 35
30 20
30 20
30 20
31 1
31 171
31 171
32 1
32 115
32 1
32 1
32 172
32 1
32 143
32 113
32 1
33 173
33 138
33 112
33 173
33 1
33 173
34 174
34 6
34 175
34 176
34 177
34 39
34 175
34 486
35 178
35 179
35 180
35 177
35 177
35 180
35 177
35 180
35 180
35 181
35 182
35 180
35 177
35 180
35 183
35 181
35 182
35 180
35 180
35 182
35 180
35 180
35 184
35 183
35 182
35 180
35 180
35 180
35 185
35 180
35 182
35 184
35 184
35 181
35 182
35 185
35 184
35 184
35 186
35 180
35 180
35 180
35 180
35 186
35 180
35 187
35 178
35 179
35 181
35 182
35 180
35 180
35 180
35 188
35 180
35 184
35 177
35 184
35 181
35 182
35 184
35 184
35 182
35 180
35 189
35 180
35 188
35 184
35 180
35 184
36 190
36 72
36 191
36 76
36 192
36 193
36 191
36 194
36 193
36 195
36 69
36 72
36 75
36 195
36 72
36 191
36 194
36 195
36 72
36 1
36 191
36 72
36 72
36 191
36 79
37 196
37 153
37 197
37 197
37 155
37 197
37 197
37 197
37 332
37 197
38 198
38 58
38 198
38 198
38 198
38 199
38 200
38 198
38 198
38 201
38 141
38 198
38 131
38 199
38 202
38 203
38 155
38 198
38 198
38 204
38 203
38 198
38 202
38 198
38 201
38 201
38 200
39 205
39 206
39 205
39 207
39 208
39 209
39 209
39 146
39 210
39 211
39 211
39 212
39 213
39 211
39 192
39 212
39 211
39 214
39 210
39 205
39 205
39 215
39 205
39 148
39 209
39 211
39 216
39 217
39 211
39 218
39 218
39 213
39 219
39 211
39 213
39 221
39 207
39 209
39 209
39 211
39 209
39 208
39 120
39 211
39 216
39 211
39 219
39 151
39 149
39 219
39 209
39 211
39 205
39 213
39 220
39 211
39 216
39 205
39 147
39 211
39 205
39 208
39 213
39 205
39 209
39 146
39 205
39 211
39 211
39 211
39 219
39 217
39 115
39 71
39 220
39 208
39 211
39 211
39 205
39 221
39 209
39 206
39 211
39 208
39 222
39 205
39 216
40 173
40 65
40 173
40 173
40 1
40 204
40 1
40 65
40 173
41 123
41 223
42 224
42 158
42 82
42 114
43 225
43 1
43 41
43 129
43 134
43 145
43 225
43 1
44 1
44 113
44 21
44 1
44 1
44 82
44 1
44 226
44 1
44 1
44 226
44 1
44 27
44 227
45 272
45 67
45 67
46 228
46 229
47 230
47 231
47 7
50 153
50 232
50 233
50 233
50 234
50 234
50 235
50 232
50 153
50 236
50 201
50 235
51 203
51 7
51 155
51 144
51 1
51 237
51 155
52 82
52 238
52 154
52 239
52 240
52 241
52 242
52 82
52 243
52 238
52 242
52 244
52 238
52 240
52 243
52 231
52 245
52 241
52 246
52 154
52 154
52 240
52 247
52 248
52 245
52 240
52 243
52 245
52 82
52 238
52 238
52 240
55 1
55 1
55 1
55 1
55 249
55 1
55 250
55 251
55 252
55 1
55 253
55 254
56 1
56 255
57 77
57 190
57 193
57 256
57 257
58 82
58 230
58 1
58 1
58 1
58 258
58 259
59 1
59 1
59 1
59 258
59 259
59 230
59 82
62 260
62 6
62 154
62 261
62 262
62 124
62 1
62 128
62 154
62 263
62 264
62 6
62 155
62 72
63 265
64 126
64 5
64 247
65 266
65 54
65 20
65 267
65 156
65 125
65 268
65 140
65 269
65 124
65 1
65 54
65 125
65 267
65 172
66 7
66 270
67 271
67 272
67 271
67 1
67 85
67 265
67 273
67 274
67 1
67 275
67 196
67 273
67 273
67 276
67 1
67 1
67 273
67 276
67 1
67 271
68 277
68 277
68 278
68 279
68 278
68 263
68 280
68 281
68 282
68 277
68 277
68 280
68 283
68 263
68 382
68 277
68 263
68 284
68 285
68 277
68 286
68 263
68 278
68 287
68 277
68 288
68 263
68 121
68 277
68 289
68 263
68 278
68 283
68 263
68 263
68 263
68 277
68 241
68 263
68 290
68 277
68 285
68 277
68 263
68 263
68 277
68 277
68 263
68 263
68 277
68 263
68 282
68 289
68 263
68 288
68 291
68 278
68 288
68 263
68 288
68 283
68 263
68 281
68 287
68 263
68 277
68 263
68 263
68 285
68 277
68 288
68 286
68 263
68 285
68 290
68 263
68 280
68 283
68 263
68 263
68 280
68 289
68 277
68 277
68 144
69 292
69 293
70 104
70 105
70 107
71 294
71 295
71 82
71 295
71 295
71 2
71 178
71 295
71 295
71 7
71 295
71 295
71 125
72 1
73 1
73 275
73 1
74 275
74 127
75 1
75 253
75 254
75 1
75 1
75 1
75 250
75 251
75 252
77 155
78 226
78 296
78 297
80 298
81 299
81 300
81 301
81 1
81 302
81 86
81 303
81 304
82 305
82 306
82 305
82 307
82 308
82 305
82 305
82 305
82 305
82 255
82 305
82 309
82 310
82 306
82 307
82 311
82 1
83 1
83 1
83 312
83 1
84 313
84 1
84 313
84 313
84 313
84 314
84 315
84 316
84 2
84 2
84 317
84 2
84 316
84 2
84 1
84 2
84 1
84 318
84 2
84 313
84 4
84 319
84 313
84 1
84 313
84 1
84 2
84 320
85 82
85 321
85 322
85 214
85 82
85 2
85 323
85 82
85 2
85 324
85 324
85 325
85 18
85 82
85 326
85 82
85 2
85 82
85 1
85 327
85 327
85 155
85 327
85 328
85 222
85 323
85 327
85 306
85 319
85 326
85 2
85 245
85 323
85 226
85 321
85 328
85 318
85 323
85 1
85 224
85 327
85 327
85 1
85 122
85 325
85 2
85 1
88 95
88 96
89 80
89 329
89 1
90 262
91 330
91 226
91 331
91 330
91 331
91 226
91 331
91 226
91 331
91 226
92 1
92 127
92 8
92 332
92 135
92 135
92 333
92 155
92 269
92 333
92 135
92 155
92 155
93 1
94 256
94 257
94 77
94 190
94 193
95 1
96 334
96 144
96 32
96 19
96 110
96 125
96 19
96 19
96 2
96 19
96 4
96 82
96 19
96 335
96 336
96 1
96 19
96 19
96 337
96 338
96 20
96 1
96 19
96 19
96 19
96 19
96 19
97 1
97 1
97 1
101 339
101 81
101 130
101 340
101 341
101 342
101 204
101 131
101 198
101 339
101 343
101 202
101 341
101 1
101 264
101 344
101 204
104 239
104 345
104 176
104 237
104 346
104 155
104 347
104 128
105 178
108 115
108 157
108 348
108 349
109 1
110 1
110 20
110 342
110 174
110 1
110 266
112 268
112 350
112 1
112 55
112 351
112 1
112 352
112 353
112 3
112 1
113 305
114 1
114 1
115 331
115 354
115 255
115 1
115 1
115 331
117 41
117 226
119 355
119 356
119 357
119 358
119 358
119 358
119 358
119 358
119 359
119 358
119 355
119 356
121 228
121 229
122 236
122 360
122 361
124 88
124 94
124 88
125 170
125 300
125 299
125 29
125 362
125 32
125 1
125 1
125 301
125 86
125 304
125 303
126 363
126 1
126 364
126 365
126 298
126 338
126 366
126 367
126 1
126 368
126 369
126 1
126 370
126 168
126 371
126 281
126 372
126 373
126 374
126 375
126 376
126 62
126 377
126 378
126 379
126 380
126 381
126 363
126 28
126 277
126 382
126 383
126 309
126 1
126 1
126 384
126 385
126 386
126 387
126 388
126 1
126 389
126 1
126 390
126 1
126 391
126 1
126 154
126 343
126 392
126 389
126 393
126 317
126 394
126 395
126 396
126 291
126 397
126 398
126 399
126 344
126 400
126 401
126 368
126 19
126 402
126 43
126 403
127 100
127 98
128 226
128 226
128 226
128 226
128 306
128 404
128 1
128 226
128 226
128 226
128 226
128 226
128 226
128 226
128 226
128 1
128 226
128 226
128 226
128 320
128 226
128 226
128 226
128 226
128 331
128 226
128 226
128 226
128 306
128 226
128 405
128 8
128 406
128 331
128 226
128 407
128 408
128 226
128 226
128 310
128 226
128 331
128 409
128 226
128 226
128 268
128 226
128 331
128 226
128 226
128 226
128 226
128 226
128 226
128 226
128 226
128 226
128 410
128 226
128 410
128 411
128 226
128 226
128 226
128 226
128 255
128 412
128 226
128 226
128 226
128 226
128 226
128 226
128 226
129 292
129 312
129 293
134 1
134 155
134 315
134 74
134 1
134 1
134 1
135 361
135 361
135 1
136 1
136 1
136 304
138 413
139 349
139 348
139 157
139 92
139 115
140 172
140 27
140 1
140 1
140 1
140 284
140 227
140 1
140 331
141 340
141 182
141 82
141 314
141 114
141 248
142 1
142 1
142 1
142 1
144 270
144 414
144 329
144 380
144 382
144 415
144 415
144 415
144 17
144 415
144 141
145 101
147 416
147 416
147 416
147 416
150 77
150 190
150 193
150 256
150 257
152 38
153 417
153 218
153 418
153 419
153 1
153 420
153 421
153 422
153 423
153 424
153 425
153 357
153 426
153 427
153 347
153 428
153 357
153 429
153 430
153 412
153 163
153 423
153 431
153 422
153 163
153 376
153 432
153 433
153 434
153 435
153 436
153 314
153 437
153 431
153 169
153 438
153 439
153 440
153 163
153 408
153 441
153 163
153 437
153 442
153 430
153 437
153 432
153 443
153 82
153 440
153 444
153 445
153 166
153 446
153 103
153 1
153 294
153 441
153 354
153 447
153 357
153 448
153 449
153 409
153 430
153 450
153 451
153 433
153 452
153 453
153 437
153 454
153 455
153 407
153 430
153 456
153 271
153 357
153 457
153 406
153 458
153 357
153 459
153 346
153 426
153 431
153 460
153 405
153 461
153 462
153 442
153 432
153 430
153 463
153 430
153 166
153 430
153 430
153 461
153 432
153 448
153 430
153 464
153 437
153 465
153 294
153 260
153 415
153 169
153 357
153 320
153 169
153 466
153 461
153 359
153 430
153 279
153 467
153 468
153 271
153 453
153 469
153 414
153 437
153 430
153 435
153 430
153 432
153 163
153 470
153 471
153 445
153 430
153 223
153 279
153 472
153 169
153 404
153 430
153 359
153 473
153 442
153 357
153 474
153 475
153 476
153 477
153 478
153 479
153 1
153 441
153 279
153 1
153 480
153 357
153 481
153 158
153 437
155 482
155 482
155 483
155 483
155 305
155 308
155 306
155 484
155 311
155 271
155 483
155 485
155 482
155 484
155 271
155 485
155 4
156 314
156 463
158 102
158 125
158 1
159 125
159 1
159 125
159 125
159 125
159 125
159 125
161 1
163 459
163 426
163 427
163 428
163 423
163 163
163 446
163 419
163 418
163 417
163 424
163 425
163 421
163 420
163 436
163 447
163 433
163 215
163 486
163 440
163 437
163 29
163 444
163 255
163 446
163 351
163 438
163 439
163 440
163 442
163 437
163 479
163 163
163 449
163 294
163 433
163 430
163 450
163 451
163 405
163 460
163 462
163 455
163 454
163 407
163 456
163 437
163 457
163 352
163 353
163 1
163 466
163 465
163 432
163 464
163 437
163 468
163 434
163 458
163 443
163 467
163 471
163 469
163 261
163 449
163 487
163 432
163 452
163 479
163 473
163 446
163 474
163 475
163 476
163 477
163 478
163 429
163 158
163 459
163 432
163 480
163 481
163 445
163 430
163 470
163 432
163 169
163 472
163 404
164 488
164 66
164 491
165 155
165 187
165 1
165 1
165 347
165 320
167 1
167 386
167 387
167 388
167 385
167 384
167 296
167 297
167 390
167 1
167 28
167 125
167 1
167 1
167 293
167 38
167 391
167 392
167 1
167 1
167 271
167 302
167 393
167 317
167 394
167 401
167 1
167 489
167 19
167 402
167 28
167 397
167 396
167 400
167 398
167 399
167 278
167 245
167 411
167 43
167 403
167 46
167 144
167 487
167 28
167 7
167 1
167 322
167 34
167 363
167 1
167 364
167 365
167 1
167 413
167 366
167 367
167 4
167 1
167 345
167 362
167 168
167 371
167 263
167 489
167 369
167 1
167 281
167 370
167 1
167 38
167 271
167 377
167 62
167 372
167 373
167 46
167 38
167 376
167 368
167 380
167 168
167 281
167 379
167 378
167 277
167 1
167 28
167 322
167 381
167 1
167 395
167 374
167 375
167 383
167 274
167 28
167 277
167 363
167 1
168 350
168 327
168 490
171 247
174 491
174 244
174 127
174 142
174 65
174 30
174 246
174 54
175 1
176 32
176 189
179 41
179 337
179 59
179 334
179 50
179 488
179 30
179 492
179 19
179 492
179 1
179 335
179 336
179 41
179 249
179 338
179 19
179 5
179 492
181 345
181 360
181 490
181 264
181 345
1 0
1 1
1 2
1 3
1 1
1 0
1 1
1 4
1 5
1 6
1 0
1 0
1 4
1 7
1 8
2 9
2 10
2 11
2 12
2 13
2 13
2 10
2 9
2 12
2 10
2 12
2 14
2 12
2 10
2 15
2 12
2 9
2 12
2 9
2 12
2 15
2 14
2 12
2 12
2 9
2 12
2 9
2 12
2 11
2 12
3 16
3 17
3 18
3 17
3 19
3 20
3 21
3 22
3 23
3 20
3 24
3 25
3 19
3 19
3 20
3 21
3 19
3 7
3 20
3 26
3 27
3 28
3 19
3 29
3 17
3 30
3 31
3 21
3 20
3 32
3 28
3 33
3 34
3 19
3 20
3 18
3 19
3 20
3 35
3 36
3 20
3 19
3 37
3 20
3 31
3 20
3 19
3 38
3 33
3 7
3 39
3 20
3 19
3 20
3 40
3 20
3 41
3 36
3 42
3 21
3 20
3 28
3 19
3 19
3 17
3 43
3 20
3 44
3 45
3 20
3 38
3 20
3 41
3 20
3 17
3 32
3 42
3 39
3 17
3 30
3 1
3 20
3 46
3 47
3 42
3 27
3 32
3 20
3 20
3 20
3 40
3 48
3 49
3 50
3 51
3 19
3 27
3 24
3 21
3 20
3 19
3 19
3 52
3 30
3 19
3 20
3 27
4 22
4 53
4 20
4 30
4 52
4 31
4 21
4 19
4 20
4 54
4 52
4 25
4 20
4 20
4 21
4 55
4 48
4 56
4 57
4 20
4 64
4 20
4 32
4 21
4 21
4 20
4 30
4 19
4 20
4 20
4 32
4 19
4 20
4 20
4 20
4 20
4 58
4 22
4 20
4 20
4 20
4 32
4 26
4 40
4 59
4 20
4 20
4 20
4 7
4 20
4 20
4 20
4 60
4 20
4 20
4 53
4 25
4 20
4 61
4 31
4 20
4 21
4 20
4 20
4 20
4 49
4 21
4 20
4 62
4 42
4 28
4 50
4 20
4 20
4 23
4 21
4 20
4 63
4 64
4 50
4 20
4 44
4 60
4 65
4 45
4 66
4 54
4 20
4 20
4 67
4 7
4 20
4 20
4 7
4 17
4 20
4 20
4 20
4 21
4 20
4 47
4 20
4 20
4 20
4 20
4 56
4 20
4 47
4 20
4 59
4 20
4 54
4 20
4 20
5 20
5 25
5 20
5 32
5 68
5 20
5 20
5 17
5 17
5 30
5 25
5 20
5 17
5 1
5 47
5 68
5 20
5 16
5 25
5 25
5 25
5 20
5 20
5 20
5 20
5 20
5 21
6 69
6 70
6 69
6 71
6 72
7 73
7 74
7 75
7 5
7 75
7 76
7 73
7 77
7 70
7 75
7 75
7 7
7 78
7 78
7 75
7 79
7 75
7 72
7 80
7 72
8 6
8 81
8 82
9 83
9 83
9 83
9 83
9 17
9 17
9 84
9 83
9 84
9 83
9 85
9 17
9 83
9 83
9 42
9 83
9 17
9 83
9 30
9 41
9 17
9 83
9 83
10 86
10 87
10 88
10 89
10 88
10 88
10 88
10 88
10 88
10 90
10 90
10 91
10 88
10 90
10 7
10 88
10 88
10 92
10 93
10 88
10 88
10 88
10 89
10 87
10 1
10 94
10 91
10 93
10 87
11 95
11 96
12 97
12 97
12 98
12 97
12 99
12 97
12 100
12 97
12 97
12 101
12 102
13 103
13 104
13 105
13 106
13 107
13 106
13 1
13 1
13 103
13 108
13 106
13 109
14 110
14 111
14 111
14 112
15 1
15 20
15 113
15 112
15 1
15 114
15 1
15 112
15 99
15 29
15 1
15 1
15 20
15 115
15 20
16 1
16 1
16 1
16 1
16 1
16 116
16 112
16 1
16 1
16 117
16 1
17 118
17 119
17 108
17 119
17 120
17 121
17 118
18 122
19 123
20 124
20 5
20 125
20 46
20 126
20 125
20 1
21 1
22 1
22 1
22 1
22 127
22 128
22 1
22 1
22 129
22 1
22 65
22 1
22 130
22 1
22 131
22 132
22 1
22 1
22 1
22 133
22 1
22 1
22 132
22 127
22 1
22 1
22 134
22 135
22 1
22 1
22 1
22 1
22 109
22 1
22 136
22 41
22 137
22 138
22 1
22 1
22 129
22 136
22 1
22 1
22 1
22 1
22 139
22 1
22 1
22 1
22 1
22 1
22 1
22 137
22 1
22 135
22 140
22 141
22 1
22 142
22 1
22 1
22 139
22 133
22 1
22 1
22 7
22 1
22 143
22 144
23 129
23 129
23 145
23 129
24 146
24 146
24 147
24 148
24 149
24 150
24 148
24 146
24 147
24 146
24 151
24 146
24 147
24 152
24 152
24 153
24 146
24 75
24 150
24 146
24 72
25 154
25 155
25 154
25 154
25 154
25 156
25 128
25 157
25 132
25 154
26 44
26 35
26 128
28 1
28 1
28 116
28 117
28 1
28 117
29 158
30 20
30 20
30 57
30 159
30 60
30 20
30 21
30 34
30 160
30 20
30 20
30 161
30 51
30 30
30 162
30 20
30 163
30 21
30 162
30 20
30 46
30 20
30 60
30 46
30 164
30 20
30 60
30 20
30 20
30 20
30 165
30 20
30 166
30 17
30 20
30 1
30 31
30 160
30 111
30 164
30 159
30 167
30 28
30 20
30 20
30 31
30 20
30 20
30 168
30 20
30 164
30 60
30 20
30 20
30 60
30 21
30 63
30 20
30 61
30 20
30 20
30 164
30 162
30 7
30 164
30 20
30 159
30 60
30 56
30 60
30 20
30 60
30 19
30 20
30 165
30 20
30 169
30 28
30 28
30 20
30 161
30 20
30 20
30 20
30 28
30 20
30 169
30 162
30 21
30 20
30 31
30 61
30 167
30 19
30 37
30 20
30 21
30 20
30 35
30 164
30 20
30 170
30 20
30 35
30 20
30 20
30 20
31 1
31 171
31 171
32 1
32 115
32 1
32 1
32 172
32 1
32 143
32 113
32 1
33 173
33 138
33 112
33 173
33 1
33 173
34 174
34 6
34 175
34 176
34 177
34 39
34 175
34 486
35 178
35 179
35 180
35 177
35 177
35 180
35 177
35 180
35 180
35 181
35 182
35 180
35 177
35 180
35 183
35 181
35 182
35 180
35 180
35 182
35 180
35 180
35 184
35 183
35 182
35 180
35 180
35 180
35 185
35 180
35 182
35 184
35 184
35 181
35 182
35 185
35 184
35 184
35 186
35 180
35 180
35 180
35 180
35 186
35 180
35 187
35 178
35 179
35 181
35 182
35 180
35 180
35 180
35 188
35 180
35 184
35 177
35 184
35 181
35 182
35 184
35 184
35 182
35 180
35 189
35 180
35 188
35 184
35 180
35 184
36 190
36 72
36 191
36 76
36 192
36 193
36 191
36 194
36 193
36 195
36 69
36 72
36 75
36 195
36 72
36 191
36 194
36 195
36 72
36 1
36 191
36 72
36 72
36 191
36 79
37 196
37 153
37 197
37 197
37 155
37 197
37 197
37 197
37 332
37 197
38 198
38 58
38 198
38 198
38 198
38 199
38 200
38 198
38 198
38 201
38 141
38 198
38 131
38 199
38 202
38 203
38 155
38 198
38 198
38 204
38 203
38 198
38 202
38 198
38 201
38 201
38 200
39 205
39 206
39 205
39 207
39 208
39 209
39 209
39 146
39 210
39 211
39 211
39 212
39 213
39 211
39 192
39 212
39 211
39 214
39 210
39 205
39 205
39 215
39 205
39 148
39 209
39 211
39 216
39 217
39 211
39 218
39 218
39 213
39 219
39 211
39 213
39 221
39 207
39 209
39 209
39 211
39 209
39 208
39 120
39 211
39 216
39 211
39 219
39 151
39 149
39 219
39 209
39 211
39 205
39 213
39 220
39 211
39 216
39 205
39 147
39 211
39 205
39 208
39 213
39 205
39 209
39 146
39 205
39 211
39 211
39 211
39 219
39 217
39 115
39 71
39 220
39 208
39 211
39 211
39 205
39 221
39 209
39 206
39 211
39 208
39 222
39 205
39 216
40 173
40 65
40 173
40 173
40 1
40 204
40 1
40 65
40 173
41 123
41 223
42 224
42 158
42 82
42 114
43 225
43 1
43 41
43 129
43 134
43 145
43 225
43 1
44 1
44 113
44 21
44 1
44 1
44 82
44 1
44 226
44 1
44 1
44 226
44 1
44 27
44 227
45 272
45 67
45 67
46 228
46 229
47 230
47 231
47 7
50 153
50 232
50 233
50 233
50 234
50 234
50 235
50 232
50 153
50 236
50 201
50 235
51 203
51 7
51 155
51 144
51 1
51 237
51 155
52 82
52 238
52 154
52 239
52 240
52 241
52 242
52 82
52 243
52 238
52 242
52 244
52 238
52 240
52 243
52 231
52 245
52 241
52 246
52 154
52 154
52 240
52 247
52 248
52 245
52 240
52 243
52 245
52 82
52 238
52 238
52 240
55 1
55 1
55 1
55 1
55 249
55 1
55 250
55 251
55 252
55 1
55 253
55 254
56 1
56 255
57 77
57 190
57 193
57 256
57 257
58 82
58 230
58 1
58 1
58 1
58 258
58 259
59 1
59 1
59 1
59 258
59 259
59 230
59 82
62 260
62 6
62 154
62 261
62 262
62 124
62 1
62 128
62 154
62 263
62 264
62 6
62 155
62 72
63 265
64 126
64 5
64 247
65 266
65 54
65 20
65 267
65 156
65 125
65 268
65 140
65 269
65 124
65 1
65 54
65 125
65 267
65 172
66 7
66 270
67 271
67 272
67 271
67 1
67 85
67 265
67 273
67 274
67 1
67 275
67 196
67 273
67 273
67 276
67 1
67 1
67 273
67 276
67 1
67 271
68 277
68 277
68 278
68 279
68 278
68 263
68 280
68 281
68 282
68 277
68 277
68 280
68 283
68 263
68 382
68 277
68 263
68 284
68 285
68 277
68 286
68 263
68 278
68 287
68 277
68 288
68 263
68 121
68 277
68 289
68 263
68 278
68 283
68 263
68 263
68 263
68 277
68 241
68 263
68 290
68 277
68 285
68 277
68 263
68 263
68 277
68 277
68 263
68 263
68 277
68 263
68 282
68 289
68 263
68 288
68 291
68 278
68 288
68 263
68 288
68 283
68 263
68 281
68 287
68 263
68 277
68 263
68 263
68 285
68 277
68 288
68 286
68 263
68 285
68 290
68 263
68 280
68 283
68 263
68 263
68 280
68 289
68 277
68 277
68 144
69 292
69 293
70 104
70 105
70 107
71 294
71 295
71 82
71 295
71 295
71 2
71 178
71 295
71 295
71 7
71 295
71 295
71 125
72 1
73 1
73 275
73 1
74 275
74 127
75 1
75 253
75 254
75 1
75 1
75 1
75 250
75 251
75 252
77 155
78 226
78 296
78 297
80 298
81 299
81 300
81 301
81 1
81 302
81 86
81 303
81 304
82 305
82 306
82 305
82 307
82 308
82 305
82 305
82 305
82 305
82 255
82 305
82 309
82 310
82 306
82 307
82 311
82 1
83 1
83 1
83 312
83 1
84 313
84 1
84 313
84 313
84 313
84 314
84 315
84 316
84 2
84 2
84 317
84 2
84 316
84 2
84 1
84 2
84 1
84 318
84 2
84 313
84 4
84 319
84 313
84 1
84 313
84 1
84 2
84 320
85 82
85 321
85 322
85 214
85 82
85 2
85 323
85 82
85 2
85 324
85 324
85 325
85 18
85 82
85 326
85 82
85 2
85 82
85 1
85 327
85 327
85 155
85 327
85 328
85 222
85 323
85 327
85 306
85 319
85 326
85 2
85 245
85 323
85 226
85 321
85 328
85 318
85 323
85 1
85 224
85 327
85 327
85 1
85 122
85 325
85 2
85 1
88 95
88 96
89 80
89 329
89 1
90 262
91 330
91 226
91 331
91 330
91 331
91 226
91 331
91 226
91 331
91 226
92 1
92 127
92 8
92 332
92 135
92 135
92 333
92 155
92 269
92 333
92 135
92 155
92 155
93 1
94 256
94 257
94 77
94 190
94 193
95 1
96 334
96 144
96 32
96 19
96 110
96 125
96 19
96 19
96 2
96 19
96 4
96 82
96 19
96 335
96 336
96 1
96 19
96 19
96 337
96 338
96 20
96 1
96 19
96 19
96 19
96 19
96 19
97 1
97 1
97 1
101 339
101 81
101 130
101 340
101 341
101 342
101 204
101 131
101 198
101 339
101 343
101 202
101 341
101 1
101 264
101 344
101 204
104 239
104 345
104 176
104 237
104 346
104 155
104 347
104 128
105 178
108 115
108 157
108 348
108 349
109 1
110 1
110 20
110 342
110 174
110 1
110 266
112 268
112 350
112 1
112 55
112 351
112 1
112 352
112 353
112 3
112 1
113 305
114 1
114 1
115 331
115 354
115 255
115 1
115 1
115 331
117 41
117 226
119 355
119 356
119 357
119 358
119 358
119 358
119 358
119 358
119 359
119 358
119 355
119 356
121 228
121 229
122 236
122 360
122 361
124 88
124 94
124 88
125 170
125 300
125 299
125 29
125 362
125 32
125 1
125 1
125 301
125 86
125 304
125 303
126 363
126 1
126 364
126 365
126 298
126 338
126 366
126 367
126 1
126 368
126 369
126 1
126 370
126 168
126 371
126 281
126 372
126 373
126 374
126 375
126 376
126 62
126 377
126 378
126 379
126 380
126 381
126 363
126 28
126 277
126 382
126 383
126 309
126 1
126 1
126 384
126 385
126 386
126 387
126 388
126 1
126 389
126 1
126 390
126 1
126 391
126 1
126 154
126 343
126 392
126 389
126 393
126 317
126 394
126 395
126 396
126 291
126 397
126 398
126 399
126 344
126 400
126 401
126 368
126 19
126 402
126 43
126 403
127 100
127 98
128 226
128 226
128 226
128 226
128 306
128 404
128 1
128 226
128 226
128 226
128 226
128 226
128 226
128 226
128 226
128 1
128 226
128 226
128 226
128 320
128 226
128 226
128 226
128 226
128 331
128 226
128 226
128 226
128 306
128 226
128 405
128 8
128 406
128 331
128 226
128 407
128 408
128 226
128 226
128 310
128 226
128 331
128 409
128 226
128 226
128 268
128 226
128 331
128 226
128 226
128 226
128 226
128 226
128 226
128 226
128 226
128 226
128 410
128 226
128 410
128 411
128 226
128 226
128 226
128 226
128 255
128 412
128 226
128 226
128 226
128 226
128 226
128 226
128 226
129 292
129 312
129 293
134 1
134 155
134 315
134 74
134 1
134 1
134 1
135 361
135 361
135 1
136 1
136 1
136 304
138 413
139 349
139 348
139 157
139 92
139 115
140 172
140 27
140 1
140 1
140 1
140 284
140 227
140 1
140 331
141 340
141 182
141 82
141 314
141 114
141 248
142 1
142 1
142 1
142 1
144 270
144 414
144 329
144 380
144 382
144 415
144 415
144 415
144 17
144 415
144 141
145 101
147 416
147 416
147 416
147 416
150 77
150 190
150 193
150 256
150 257
152 38
153 417
153 218
153 418
153 419
153 1
153 420
153 421
153 422
153 423
153 424
153 425
153 357
153 426
153 427
153 347
153 428
153 357
153 429
153 430
153 412
153 163
153 423
153 431
153 422
153 163
153 376
153 432
153 433
153 434
153 435
153 436
153 314
153 437
153 431
153 169
153 438
153 439
153 440
153 163
153 408
153 441
153 163
153 437
153 442
153 430
153 437
153 432
153 443
153 82
153 440
153 444
153 445
153 166
153 446
153 103
153 1
153 294
153 441
153 354
153 447
153 357
153 448
153 449
153 409
153 430
153 450
153 451
153 433
153 452
153 453
153 437
153 454
153 455
153 407
153 430
153 456
153 271
153 357
153 457
153 406
153 458
153 357
153 459
153 346
153 426
153 431
153 460
153 405
153 461
153 462
153 442
153 432
153 430
153 463
153 430
153 166
153 430
153 430
153 461
153 432
153 448
153 430
153 464
153 437
153 465
153 294
153 260
153 415
153 169
153 357
153 320
153 169
153 466
153 461
153 359
153 430
153 279
153 467
153 468
153 271
153 453
153 469
153 414
153 437
153 430
153 435
153 430
153 432
153 163
153 470
153 471
153 445
153 430
153 223
153 279
153 472
153 169
153 404
153 430
153 359
153 473
153 442
153 357
153 474
153 475
153 476
153 477
153 478
153 479
153 1
153 441
153 279
153 1
153 480
153 357
153 481
153 158
153 437
155 482
155 482
155 483
155 483
155 305
155 308
155 306
155 484
155 311
155 271
155 483
155 485
155 482
155 484
155 271
155 485
155 4
156 314
156 463
158 102
158 125
158 1
159 125
159 1
159 125
159 125
159 125
159 125
159 125
161 1
163 459
163 426
163 427
163 428
163 423
163 163
163 446
163 419
163 418
163 417
163 424
163 425
163 421
163 420
163 436
163 447
163 433
163 215
163 486
163 440
163 437
163 29
163 444
163 255
163 446
163 351
163 438
163 439
163 440
163 442
163 437
163 479
163 163
163 449
163 294
163 433
163 430
163 450
163 451
163 405
163 460
163 462
163 455
163 454
163 407
163 456
163 437
163 457
163 352
163 353
163 1
163 466
163 465
163 432
163 464
163 437
163 468
163 434
163 458
163 443
163 467
163 471
163 469
163 261
163 449
163 487
163 432
163 452
163 479
163 473
163 446
163 474
163 475
163 476
163 477
163 478
163 429
163 158
163 459
163 432
163 480
163 481
163 445
163 430
163 470
163 432
163 169
163 472
163 404
164 488
164 66
164 491
165 155
165 187
165 1
165 1
165 347
165 320
167 1
167 386
167 387
167 388
167 385
167 384
167 296
167 297
167 390
167 1
167 28
167 125
167 1
167 1
167 293
167 38
167 391
167 392
167 1
167 1
167 271
167 302
167 393
167 317
167 394
167 401
167 1
167 489
167 19
167 402
167 28
167 397
167 396
167 400
167 398
167 399
167 278
167 245
167 411
167 43
167 403
167 46
167 144
167 487
167 28
167 7
167 1
167 322
167 34
167 363
167 1
167 364
167 365
167 1
167 413
167 366
167 367
167 4
167 1
167 345
167 362
167 168
167 371
167 263
167 489
167 369
167 1
167 281
167 370
167 1
167 38
167 271
167 377
167 62
167 372
167 373
167 46
167 38
167 376
167 368
167 380
167 168
167 281
167 379
167 378
167 277
167 1
167 28
167 322
167 381
167 1
167 395
167 374
167 375
167 383
167 274
167 28
167 277
167 363
167 1
168 350
168 327
168 490
171 247
174 491
174 244
174 127
174 142
174 65
174 30
174 246
174 54
175 1
176 32
176 189
179 41
179 337
179 59
179 334
179 50
179 488
179 30
179 492
179 19
179 492
179 1
179 335
179 336
179 41
179 249
179 338
179 19
179 5
179 492
181 345
181 360
181 490
181 264
181 345
