
13.36750763 103.8506387 13.36771069 103.8506564 
22.2459285 114.175044 22.2459285 114.175044 
22.27396199 114.1539868 22.27396199 114.1539868 
22.3025877 114.5193463 22.3025877 114.5193463 
22.73000392 120.4054352 22.73000392 120.4054352 
22.8061 108.3286617 22.8061 108.3286625 
22.81069292 108.3249986 22.81070631 108.3250783 
22.81221235 108.3253228 22.81221669 108.325323 
22.81355297 108.3341829 22.81363017 108.3342231 22.81388206 108.333884 22.8140298 108.3342392 22.81416111 108.3340812 
22.8138096 108.3321464 22.81381241 108.3321936 
22.81551896 108.3323741 22.81558311 108.3322652 
22.81896964 108.343345 22.81896974 108.3433511 
23.50512294 120.6949688 23.50512294 120.6949688 
23.51532468 120.8093018 23.51532468 120.8093018 
23.63253126 121.4035415 23.63253126 121.4035415 
23.69755218 117.5841833 23.69755218 117.5841833 
24.44365819 118.0920233 24.44365819 118.0920233 
24.44640414 118.0705595 24.44640414 118.0705595 
24.44714206 118.0658682 24.44714206 118.0658682 
24.48141497 118.2394571 24.48141497 118.2394571 
24.58770412 117.2029038 24.58770412 117.2029038 
24.60475844 118.851912 24.60475844 118.851912 
24.69746643 119.2735728 24.69746643 119.2735728 
24.7725015 110.494807 24.7725015 110.494807 
24.80465774 121.0398505 24.80465774 121.0398505 
24.8048984 120.9654802 24.8048984 120.9654802 
24.86674082 120.0571276 24.86674082 120.0571276 
25.052263 110.453583 25.052263 110.453583 
25.0619931 121.5603092 25.0619931 121.5603092 
25.21902923 110.9631342 25.21902923 110.9631342 
25.74825059 110.1272163 25.74825059 110.1272163 
25.885483 110.6621685 25.885483 110.6621685 
26.1224917 118.0637543 26.1224917 118.0637543 
26.25151031 124.6071714 26.25151031 124.6071714 
27.8754586 118.9140022 27.8754586 118.9140022 
29.980333 90.9625945 29.980333 90.9625945 
30.24535833 120.1776167 30.24535833 120.1776167 
30.31748807 120.3514742 30.31751574 120.3512132 
30.64856874 121.3097935 30.64856874 121.3097935 
30.78035642 121.6900209 30.78035642 121.6900209 
30.92187436 117.8211133 30.92208991 117.8213151 
31.18372916 121.4688271 31.18372916 121.4688271 
31.18464433 115.2688577 31.18464433 115.2688577 
31.20549167 121.4306333 31.20549167 121.4306333 
31.228029 121.4425795 31.2283315 121.442364 
31.23413879 121.4717405 31.23413879 121.4717405 
31.50733925 122.7379157 31.50733925 122.7379157 
32.29198841 117.3679756 32.29198841 117.3679756 
32.4998058 120.1463807 32.4998058 120.1463807 
32.51528745 120.1410416 32.51528745 120.1410416 
32.51647111 120.1413747 32.51647111 120.1413747 
32.625157 113.3040525 32.625157 113.3040525 
32.6487595 113.315782 32.6487595 113.315782 
32.7119705 -117.1675445 32.7119705 -117.1675445 
32.7127775 -117.162961 32.7127775 -117.162961 
32.71372383 -117.1751592 32.71372383 -117.1751592 
32.92127727 -117.8815935 32.92127727 -117.8815935 
32.92238231 -117.9161451 32.92238231 -117.9161451 
32.93439167 117.372975 32.93511667 117.3731333 
32.97939711 114.0374601 32.97939711 114.0374601 
33.3121497 116.2986177 33.31233039 116.2985402 
33.36490862 -119.5115828 33.36490862 -119.5115828 
33.43095927 171.2462221 33.43095927 171.2462221 
34.0515745 -118.4433905 34.0515745 -118.4433905 
34.07920955 -118.8132345 34.07920955 -118.8132345 
35.014638 -116.789954 35.014638 -116.789954 
35.25101427 181.125068 35.25101427 181.125068 
35.28033468 181.0255625 35.28033468 181.0255625 
35.80579482 116.7750349 35.80638084 116.7743349 35.80650651 116.7746873 35.80655205 116.7740338 
36.67016715 179.8184533 36.67016715 179.8184533 
36.70259021 177.1638502 36.70259021 177.1638502 
36.98517 99.853751 36.98517 99.853751 
37.16007175 165.7433225 37.16007175 165.7433225 
37.21236334 181.4608121 37.21236334 181.4608121 
37.3699195 -121.9246375 37.3699195 -121.9246375 
37.41641554 110.7720404 37.41647674 110.7719038 
37.58885786 182.3350239 37.58885786 182.3350239 
37.78754528 112.5968399 37.78779575 112.5965934 
37.87160399 171.8154919 37.87160399 171.8154919 
37.88596861 165.7652036 37.88596861 165.7652036 
38.29795 109.3343365 38.29795 109.3343365 
39.00295872 113.5867936 39.00295872 113.5867936 
39.1369505 117.203323 39.137081 117.2032445 
39.1378895 117.201956 39.138633 117.201723 
39.14937926 114.0043504 39.14937926 114.0043504 
39.15330371 117.1807843 39.15330371 117.1807843 
39.4911655 116.840322 39.4911655 116.840322 
39.49461728 118.6765422 39.49461728 118.6765422 
39.50924396 118.6647631 39.50924396 118.6647631 
39.60559 116.739123 39.60559 116.739123 
39.638405 113.735929 39.638405 113.735929 
39.6452735 118.1635015 39.6452735 118.1635015 
39.7430235 119.361503 39.7430235 119.361503 
39.76269436 116.2978947 39.76277727 116.2972454 39.76295724 116.2967044 39.76306784 116.2976438 39.763471 116.298254 
39.77475102 116.4549236 39.77475102 116.4549236 
39.81173432 119.4841034 39.81239769 119.4835577 
39.81992303 116.2767687 39.8202096 116.2767447 39.82024912 116.2767299 
39.8212584 119.4783149 39.8212584 119.4783149 39.82171729 119.4778757 
39.821874 119.4819385 39.821874 119.4819385 
39.83682406 116.4623157 39.83682406 116.4623157 
39.85092116 116.4037618 39.85120939 116.4033093 
39.8519716 116.3488225 39.85200495 116.3479091 
39.85893292 116.2572746 39.8594591 116.2576099 39.8602141 116.25792 
39.8612008 116.2581991 39.8619091 116.2586125 
39.863256 116.375003 39.8635305 116.37399 39.863687 116.375093 39.863921 116.374801 
39.8640695 116.346269 39.86422468 116.3466382 39.864385 116.346069 39.86462208 116.3459894 39.8653895 116.3464495 39.865575 116.346945 39.865693 116.3457585 39.86609226 116.3467042 
39.86530716 116.5398299 39.86553792 116.5405645 
39.86680967 116.4908956 39.86680967 116.4908956 
39.8671932 116.4880252 39.86755369 116.4884641 
39.87081485 116.3479499 39.87081485 116.3479499 
39.87481989 116.3045166 39.87481989 116.3045166 39.87525121 116.3039562 
39.8812135 116.383087 39.8812495 116.382795 39.881294 116.3830845 
39.88208894 116.4062288 39.8821504 116.4069108 
39.8832025 116.385101 39.8832435 116.3850945 
39.8849035 116.384627 39.8849315 116.3851015 39.885059 116.3852405 
39.88730306 116.6794106 39.88739464 116.6793807 
39.88931164 116.454482 39.88947573 116.4555139 39.88947573 116.4555139 39.89014734 116.4545476 39.89025804 116.4548769 39.89048152 116.4542562 39.8905418 116.4537708 39.89054484 116.45495 39.89057766 116.4537893 39.89064751 116.4548147 39.89071273 116.4538664 39.89079414 116.4537113 
39.89060961 116.2354287 39.89079295 116.23585 
39.8936935 116.454294 39.893873 116.454558 39.893956 116.4543125 39.8947405 116.454589 
39.8937565 116.3163075 39.8943175 116.3165235 
39.89521438 116.3119639 39.89521438 116.3119639 39.89539824 116.3130616 
39.89541 116.322156 39.89573333 116.3212 
39.8960216 116.3680341 39.89660452 116.3683535 
39.8964018 116.4546152 39.8964018 116.4546152 39.896682 116.45463 39.89690227 116.4547315 
39.8975241 116.4606716 39.8979483 116.4604942 
39.899049 116.381348 39.8990575 116.382169 39.899116 116.379777 39.899267 116.38053 
39.8990875 116.3840755 39.89940885 116.3858147 39.899632 116.3854753 39.899918 116.386269 39.899921 116.3858725 39.899951 116.384144 39.89998428 116.3861846 39.9001955 116.385696 39.9002815 116.384834 39.9003665 116.3846735 39.900467 116.3862205 39.900754 116.383712 39.901072 116.386939 
39.901952 116.421917 39.9022845 116.42265 
39.9022425 116.460211 39.9022425 116.460211 
39.90235575 116.4400858 39.90273333 116.4398417 39.90273333 116.4398417 
39.9031105 116.340192 39.9034355 116.3407405 
39.90386911 116.3939633 39.90386911 116.3939633 
39.90419975 116.259529 39.9047716 116.2595175 
39.90471 116.3681175 39.904928 116.3682325 
39.9053085 116.3453605 39.90558325 116.3451816 
39.9053139 116.3914277 39.9053139 116.3914277 
39.9053566 116.3586558 39.9061333 116.3588116 
39.90542749 116.385778 39.9055085 116.3854165 
39.90558 116.295453 39.9058335 116.295471 39.9059085 116.2958475 39.9062835 116.295693 
39.905911 116.4136725 39.906312 116.4128645 39.9064695 116.4110565 39.9065885 116.4121665 
39.90614167 116.3688833 39.9067625 116.368081 39.90745523 116.3679547 39.90817325 116.36797 39.908179 116.3683765 
39.906325 116.4333935 39.9070105 116.433643 39.907185 116.434001 
39.9066745 116.419824 39.9067145 116.4198995 39.906733 116.419927 39.906737 116.4197875 39.906737 116.4197875 39.9067545 116.41958 39.906864 116.420069 39.9069 116.4200833 39.90769995 116.4202591 
39.907098 116.3703545 39.907552 116.3697305 
39.90742672 116.4060969 39.908243 116.4056645 39.908656 116.406165 
39.9077465 116.441244 39.9080985 116.441778 39.9081435 116.4408225 39.908898 116.4419675 
39.907875 116.37545 39.907875 116.37545 39.907875 116.37545 
39.9078995 116.3413115 39.9078995 116.3413115 
39.9082415 116.3487625 39.908647 116.349149 39.9089145 116.348472 39.90919915 116.3499932 
39.9087025 116.438167 39.9087705 116.4379225 39.90946872 116.437625 39.9101405 116.437786 
39.909607 116.4063135 39.9102466 116.4068157 39.910637 116.40703 
39.9096875 116.367588 39.910176 116.3671115 39.9110605 116.3669065 
39.91128325 116.4543333 39.91159144 116.4537192 
39.9124341 116.4054675 39.91286638 116.4054243 
39.9132355 116.358964 39.9132635 116.3593285 
39.913846 116.4505315 39.913846 116.4505315 39.9142805 116.4498435 
39.9171965 116.390481 39.91799075 116.3902091 39.91813995 116.3893074 39.9181535 116.391294 39.9188635 116.3900115 
39.917369 116.3582155 39.9174125 116.3572415 39.9177245 116.357309 39.918006 116.357804 39.918261 116.3572455 39.91868 116.357558 39.9187491 116.3562725 39.91875 116.357476 39.9192365 116.358349 39.9192525 116.3582005 39.919327 116.3570135 39.919327 116.3570135 39.919531 116.3566815 39.919541 116.357497 39.919896 116.3577855 39.9199355 116.3580245 39.9199535 116.3574355 39.9200035 116.356541 39.920008 116.3575965 39.920085 116.356863 39.9201275 116.3566835 39.920213 116.357582 39.920241 116.3576055 39.920241 116.3576055 39.920275 116.3577145 39.9203445 116.3578695 39.920402 116.3574055 
39.91814004 116.3003607 39.91814004 116.3003607 
39.918918 116.379691 39.918918 116.379691 39.9195585 116.3798225 39.9195585 116.3798225 39.919751 116.379406 
39.9189515 116.352506 39.9190945 116.3522515 
39.91902 116.4000515 39.91902 116.4000515 
39.9190475 116.369307 39.9191825 116.3705855 39.9194015 116.370361 39.9195175 116.3700265 39.9198435 116.3713175 
39.9197358 116.3864025 39.920179 116.386051 39.920179 116.386051 
39.9208166 116.3850891 39.9208895 116.385303 39.92096918 116.3830643 39.9210055 116.383992 39.921075 116.3854615 39.921132 116.385295 39.921208 116.384513 39.921262 116.38541 39.92131 116.38518 39.9213105 116.3853195 39.92153 116.38502 39.921538 116.385285 39.92158833 116.3847892 39.921625 116.385 39.921861 116.3840805 39.9219805 116.385267 39.9219955 116.384644 39.92208667 116.3835908 
39.921345 116.3908465 39.92151 116.389926 39.922227 116.39037 
39.92136313 116.3338781 39.92173425 116.3342676 
39.9223903 116.351714 39.92259995 116.3522383 
39.92254167 116.3324333 39.9227635 116.332784 
39.922587 116.347796 39.92303 116.347347 
39.92276665 116.357995 39.9231495 116.358417 39.92336667 116.3580333 39.923475 116.358228 39.9236485 116.358637 39.9239485 116.3578025 39.924521 116.357505 39.924729 116.3581985 39.9249565 116.3570335 
39.9227875 116.440537 39.923252 116.4410765 
39.92279667 116.2968292 39.923211 116.296691 
39.922902 116.2768455 39.92316415 116.2776825 39.9232805 116.276472 
39.9229085 116.380325 39.9230895 116.380344 
39.9229341 116.3763716 39.923286 116.375776 39.923317 116.3765075 
39.92299417 116.3170708 39.9233341 116.3177374 
39.9235285 116.4105955 39.9235285 116.4105955 39.923538 116.40966 39.923756 116.410149 39.923823 116.4103075 39.92389 116.4096755 39.9240575 116.410139 
39.92570735 116.153488 39.92573719 116.1535252 
39.92585833 116.4211833 39.92585833 116.4211833 39.92585833 116.4211833 
39.925983 116.394672 39.926158 116.394577 39.9263405 116.3952155 
39.92606213 116.3371792 39.92616579 116.3371899 39.92617887 116.3375545 39.92618487 116.3375262 39.926203 116.3373554 39.92621002 116.3374793 39.92621088 116.3379382 39.92622533 116.3378679 39.92623868 116.3373818 39.92627772 116.3375375 39.92636177 116.3379724 39.92649918 116.3379805 
39.9263925 116.3673375 39.9265108 116.3671575 
39.92657495 116.3270658 39.92706784 116.3275838 
39.926592 116.4725465 39.926592 116.4725465 39.926592 116.4725465 39.92709807 116.4710859 39.92714368 116.4721467 39.9272565 116.4709425 39.92734617 116.4710797 39.9275794 116.4716768 
39.9268105 116.4243055 39.927214 116.4238695 
39.9269645 116.418656 39.926967 116.418192 
39.927005 116.393968 39.927365 116.394354 39.92752 116.3942255 
39.927829 116.4302515 39.927829 116.4302515 
39.9284916 116.3327183 39.92849995 116.3331641 
39.92888 116.394048 39.929003 116.3940165 39.929058 116.393941 
39.92907034 116.471841 39.929198 116.4714315 
39.92984245 116.4589966 39.92984245 116.4589966 39.92984245 116.4589966 
39.930568 116.3871355 39.9307215 116.3877905 
39.931029 116.4473155 39.931029 116.4473155 39.931593 116.4478655 39.931593 116.4478655 39.9319675 116.447835 39.9319675 116.447835 
39.9318455 116.341831 39.9318455 116.341831 
39.93233611 116.3960463 39.93235997 116.3963704 
39.93239647 116.3195909 39.93239647 116.3195909 
39.93302583 116.4215858 39.93317112 116.4209187 
39.9330915 116.4078905 39.9332805 116.4093275 39.9332845 116.4092185 39.933307 116.4092665 39.933424 116.40916 39.9336085 116.408285 39.9336165 116.4085965 39.9336575 116.4081545 39.9338215 116.40779 39.933943 116.407972 39.9340235 116.4084015 39.9341135 116.408378 39.9341735 116.407723 39.9343065 116.407914 39.9343085 116.40796 39.9343705 116.4083225 39.934384 116.4079205 39.9344145 116.4081715 39.9344545 116.4078215 39.934493 116.4079065 39.934526 116.4077905 39.9345835 116.408123 39.9347815 116.407681 39.935027 116.407662 39.935483 116.4083905 39.9354965 116.4084355 39.9355015 116.4087325 39.9355595 116.4082275 39.9361695 116.408759 
39.9335445 116.431781 39.9336175 116.43153 39.93432464 116.4304465 39.934406 116.4315655 39.93454352 116.4301387 39.93466473 116.4300304 39.9346989 116.4302702 39.93472496 116.4304503 39.93480863 116.4301579 39.9349885 116.430609 39.93511308 116.4318187 39.9356585 116.430404 
39.9337416 116.4235558 39.9337416 116.4235558 
39.93517934 116.321954 39.93546815 116.3221232 39.935573 116.321175 39.93588646 116.3220037 39.9364575 116.322929 39.9365445 116.3230345 39.936573 116.322263 39.936592 116.322729 
39.93568 116.3888945 39.93568 116.3888945 39.9359235 116.388408 
39.9357065 116.412262 39.9359385 116.413231 
39.9357949 116.4199385 39.936241 116.419469 39.9371095 116.4192425 39.937194 116.419993 39.9375815 116.420178 
39.93591052 116.333868 39.9360745 116.334462 
39.9364435 116.4454465 39.9364435 116.4454465 
39.93658594 116.1932477 39.93666864 116.1930177 
39.9369 116.389297 39.93730004 116.3900627 
39.93670114 116.3258571 39.937145 116.324851 39.93798333 116.324525 
39.93801204 116.3340925 39.9387985 116.3336593 
39.93835245 116.3613608 39.9385066 116.3602133 
39.938619 116.389165 39.939262 116.388958 39.93953333 116.3883667 39.9397565 116.38849 39.940153 116.387881 
39.93881302 116.3966079 39.93881302 116.3966079 
39.939031 116.4455525 39.9391315 116.445554 39.93918743 116.4468671 39.939534 116.4461035 
39.939717 116.432233 39.940198 116.432103 39.940377 116.432251 39.940391 116.432416 39.9403975 116.432595 39.940489 116.4323705 39.9406375 116.432319 39.940739 116.432466 39.9407535 116.432035 39.9407955 116.432337 39.940811 116.4323405 39.940889 116.4324105 39.941049 116.432042 39.941304 116.4335195 39.94152 116.432381 39.9416995 116.432051 39.941785 116.4321125 39.9417985 116.4342 39.9418225 116.432198 39.9418355 116.4323495 
39.939911 116.3028375 39.9400685 116.3026825 
39.9403541 116.331765 39.94066415 116.3321633 
39.9405285 116.347722 39.94081529 116.3470701 39.94090611 116.347959 
39.9407575 116.4033735 39.9408675 116.402012 39.9411695 116.4032565 39.9412475 116.403803 39.941269 116.402126 39.9412995 116.402586 39.941338 116.402449 39.9414015 116.402088 39.941421 116.4021415 39.9414745 116.4023965 39.9418845 116.402067 
39.940936 116.3219255 39.940936 116.3219255 
39.942856 116.4324035 39.94288 116.4323055 39.9428845 116.4337 39.943007 116.4323505 39.943011 116.43259 39.943126 116.4325605 39.943135 116.4337855 39.943743 116.432429 39.9437845 116.433773 39.9443635 116.4324635 
39.943375 116.302808 39.943596 116.303233 
39.943439 116.4462625 39.943446 116.445164 
39.943775 116.3789583 39.9439465 116.3800915 39.944522 116.3785255 
39.94381 116.448481 39.944267 116.4488885 39.944435 116.447763 39.9444935 116.4486365 
39.943875 116.375075 39.94388 116.3752865 
39.944385 116.4189285 39.944824 116.4197935 
39.9455085 116.3946355 39.94624995 116.3939791 
39.94643377 116.7832302 39.94673194 116.7836813 39.947178 116.7846225 39.94726214 116.7831282 39.94730779 116.7833972 39.94739866 116.7829115 39.947693 116.7825495 39.94788188 116.7829275 39.948191 116.7832305 
39.94670833 116.3169833 39.9470135 116.3174685 39.94712246 116.3178721 
39.9473315 116.432884 39.9475045 116.433563 
39.94847628 116.7989546 39.9486624 116.7983743 
39.94928681 116.3144162 39.94937048 116.3143658 39.94975136 116.3136837 39.94987309 116.3126751 39.94987456 116.3126786 39.94991347 116.3128338 39.94994648 116.3125361 39.9500089 116.3116837 39.95002091 116.3121389 39.9506505 116.312541 
39.949433 116.400201 39.949553 116.401022 39.9495685 116.400862 
39.95010124 116.4193353 39.95013085 116.4194938 39.95017053 116.4194466 39.95027641 116.4193778 39.95059257 116.4190889 39.951155 116.418899 39.95127238 116.4193026 39.95154181 116.4184785 39.9515515 116.419454 39.951565 116.4194435 39.9518935 116.4176915 
39.95098696 116.3620832 39.95117756 116.361871 39.95124311 116.3617974 39.95125332 116.3617499 39.95126716 116.3618288 39.95129927 116.3617067 39.9513251 116.361974 
39.95135 116.4564667 39.95135 116.4564667 
39.95254245 116.3046616 39.95254245 116.3046616 
39.95264 116.432589 39.95264075 116.4325858 
39.95316745 116.3778324 39.95366356 116.377977 
39.95325771 116.4091963 39.95337 116.409437 
39.95365833 116.4424 39.954236 116.4432475 
39.9536585 116.3958865 39.9537245 116.39589 39.954003 116.3956435 39.954147 116.3956365 39.9541685 116.3948385 39.954315 116.3953845 39.9544 116.3957785 39.9544465 116.3957205 39.954621 116.3955165 
39.95380941 116.4934177 39.95384639 116.4933577 39.95387642 116.4933859 39.95393435 116.4932588 39.95398515 116.4934631 39.95401963 116.4931522 
39.953941 116.3936465 39.9540005 116.392348 39.954282 116.3928345 
39.9544141 116.4609608 39.9544141 116.4609608 
39.954622 116.422735 39.9546337 116.4230124 39.9546902 116.4229947 
39.95484 116.3490708 39.95484 116.3490708 
39.955285 116.4109185 39.9553155 116.410775 39.955373 116.410747 39.956157 116.410733 
39.955372 116.3096255 39.95574128 116.3097838 
39.95551976 116.426089 39.95604777 116.4260127 
39.9558985 116.399612 39.95630985 116.4003667 39.95667113 116.4006843 39.95667113 116.4006843 39.95735316 116.4008653 39.9580091 116.4001124 
39.95641021 116.275317 39.95644337 116.2753074 39.95717797 116.2753989 39.95733995 116.2759483 
39.956813 116.394619 39.9572355 116.3953065 39.95728 116.394153 39.957337 116.3956785 39.957591 116.395988 
39.9569715 116.383447 39.957089 116.3833885 
39.9571025 116.378949 39.957131 116.3800755 
39.95715355 116.3566349 39.95774753 116.3571123 
39.95895 116.4370045 39.959483 116.4367615 39.9600665 116.437452 
39.9589685 116.3222925 39.9589685 116.3222925 
39.95934408 116.3958938 39.959539 116.395344 
39.96023 116.4340915 39.960498 116.433287 
39.9606255 116.3620865 39.96092325 116.3627891 
39.96149745 116.3966332 39.9616625 116.3951775 39.9616865 116.395597 39.9618835 116.3957095 
39.962276 116.423653 39.9629495 116.423855 
39.962472 116.440202 39.9625155 116.439173 39.9629708 116.4386941 
39.96274167 116.39955 39.96274331 116.4004119 
39.9633015 116.3242545 39.9637816 116.3241699 39.963938 116.3254855 39.96435156 116.3249545 39.9644255 116.3248578 
39.964078 116.37734 39.9643383 116.3763699 39.96474415 116.3762632 
39.964356 116.435423 39.964356 116.435423 
39.9646825 116.3831295 39.9646825 116.3831295 
39.96480781 116.3176527 39.96496411 116.316684 39.965676 116.3160591 
39.96491667 116.408875 39.96536995 116.4079699 
39.965182 116.4196665 39.965462 116.4187895 39.965801 116.418129 39.965801 116.418129 
39.96518445 116.4840696 39.96565078 116.4846983 
39.96521742 116.3033573 39.96573405 116.3025746 39.96576667 116.3019417 39.96581929 116.3016418 39.96594878 116.302249 39.96606 116.3019576 39.96624825 116.3019569 39.96625175 116.3013455 
39.965302 116.380507 39.965798 116.3803165 39.965983 116.3800715 
39.96546495 116.4098408 39.9658641 116.4095258 39.96594559 116.4094688 39.96597825 116.40887 
39.9656075 116.3287192 39.96615995 116.3294849 39.9667199 116.3286274 
39.96588285 115.8765369 39.96588285 115.8765369 
39.96591712 116.3748216 39.966623 116.3742155 
39.96597 116.4316045 39.9663465 116.432395 39.966517 116.4323605 39.9665605 116.4310425 
39.9662535 116.4217995 39.966574 116.4226445 39.966664 116.422505 
39.96666917 116.313575 39.96697995 116.3137233 
39.966768 116.343666 39.966826 116.341141 39.96689167 116.343025 39.9669965 116.341805 39.9672175 116.3410025 39.96728807 116.342872 39.96737949 116.3427164 39.96738943 116.3428877 39.96745037 116.3428259 39.96760871 116.3426866 
39.9667841 116.4081833 39.96695751 116.4105648 39.96756207 116.4099816 39.96759495 116.4084508 39.9676816 116.4089091 
39.96738333 116.3124917 39.9675216 116.3098508 39.9677802 116.3088961 39.96782508 116.3106728 39.96787262 116.3104745 39.96789191 116.3112213 39.96807753 116.3125572 39.96808 116.3118425 39.9681383 116.3092791 39.96830451 116.3085525 39.9683349 116.3083933 39.96842177 116.3091554 39.96843441 116.3143589 39.96844296 116.3091817 39.96845744 116.3088628 39.96859729 116.3122401 39.9686066 116.3118691 39.9686066 116.3118691 39.96862 116.31378 39.96868382 116.3090554 39.9686966 116.3097774 39.96879491 116.3092508 39.96882745 116.3123475 39.96883995 116.3081216 39.9688823 116.3087702 39.96897734 116.3092847 39.96904245 116.3132433 39.96927495 116.3137583 39.96928962 116.3096542 39.96948075 116.3105849 39.96948896 116.3122747 39.9698233 116.3096833 39.9700458 116.31196 39.97010245 116.3139016 39.97031245 116.3145016 
39.96754312 116.3020301 39.96760495 116.3024707 39.96781667 116.30065 39.96811149 116.3005734 39.96814145 116.3025597 39.9681415 116.3024835 39.968182 116.302158 39.96834167 116.3021333 39.96850388 116.3023392 39.96851439 116.3013868 
39.9677025 116.3054025 39.96786495 116.3039816 39.9680083 116.3045582 39.9681491 116.3045691 39.96843856 116.305839 39.9686427 116.3063002 39.96900825 116.3037441 39.9690758 116.3063642 39.969298 116.302989 39.9693608 116.3056583 39.9694624 116.3028516 39.96969415 116.3032941 39.9697716 116.304925 39.9698816 116.3063341 39.96994583 116.3023125 39.97017833 116.3053394 39.9702725 116.3071225 39.9702791 116.3064116 39.9704 116.3038333 39.9704095 116.3027025 39.97051667 116.302125 39.97052583 116.3024842 39.970557 116.304371 39.9705866 116.3027383 39.97067575 116.3018941 39.97088075 116.3063733 39.97091879 116.3048271 39.97098848 116.3052179 39.97112216 116.3037482 39.97125958 116.304156 39.97127065 116.3045049 39.9713525 116.3064942 39.97150617 116.3052471 39.9716233 116.3054183 39.9720005 116.3065055 
39.967704 116.4139545 39.967704 116.4139545 
39.9677581 116.101533 39.96777821 116.1015501 39.96784867 116.1015268 
39.9681008 116.3676224 39.968197 116.3670145 
39.968106 116.430197 39.96832028 116.4310368 
39.9681185 116.4189255 39.968125 116.420575 39.96835245 116.4222099 39.968371 116.417771 39.968387 116.4203265 39.9683975 116.42097 39.9684125 116.4224075 39.968746 116.418884 39.9687466 116.4185916 39.9689115 116.4214485 39.96893768 116.4196835 39.9690045 116.4209745 39.9690165 116.4208455 39.969033 116.42115 39.96904575 116.4223475 39.969112 116.421024 39.96914895 116.4202459 39.96918809 116.4199139 39.96925115 116.4195636 39.969258 116.4209755 39.96927329 116.4200597 39.9693173 116.4192478 39.96932228 116.4199376 39.9693405 116.4212945 39.9693715 116.4216265 39.96937298 116.4198344 39.9693975 116.4215755 39.969531 116.421096 39.9695405 116.4213175 39.9695775 116.4208585 39.96958775 116.4192065 39.969627 116.4216215 39.9696275 116.421372 39.9696635 116.421764 39.9697075 116.4184835 39.96980987 116.41872 39.96980987 116.41872 39.96985044 116.4198062 39.9698695 116.418723 39.96987914 116.4195691 39.9698815 116.4207065 39.96988318 116.4189889 39.969896 116.421741 39.96992891 116.4194737 39.96995324 116.4195897 39.969989 116.4206995 39.970046 116.421583 39.9700805 116.4210115 39.9700955 116.4209965 39.970105 116.4212255 39.970113 116.42141 39.9701155 116.421437 39.97016477 116.4193911 39.9702766 116.42138 39.970323 116.420676 39.9704065 116.4194275 39.9704525 116.4192985 39.9705585 116.4207485 39.97073164 116.4224054 39.9707375 116.4198995 39.9707375 116.4198995 39.97081767 116.4228934 39.971035 116.419386 39.971037 116.419437 39.9711435 116.419255 39.97121163 116.4220351 39.97121163 116.4220351 39.9713195 116.4192605 39.9713935 116.421423 39.97145833 116.420725 39.971483 116.421345 39.9714975 116.4203235 39.971579 116.421036 39.9717275 116.4188075 39.97176 116.422199 39.971961 116.4215005 39.9719965 116.4192705 39.972107 116.418914 39.97218964 116.4187181 39.972279 116.4192615 39.972307 116.42028 39.972367 116.4193545 
39.96816884 116.3994955 39.96822468 116.3996757 39.96823747 116.3994816 
39.96875745 116.4108716 39.96888665 116.4116149 
39.96884311 116.3281039 39.96925075 116.3276116 39.9694485 116.327474 
39.96915815 116.4291326 39.96938 116.429594 
39.9692885 116.4251675 39.9692885 116.4251675 
39.9694585 116.3302105 39.97015 116.3296 
39.9700291 116.41589 39.970475 116.415785 
39.9702466 116.4106458 39.97109745 116.4106499 
39.9702508 116.3282691 39.9707016 116.3278239 39.9711175 116.328211 
39.97124999 116.2995213 39.97201794 116.2993414 
39.9712905 116.33362 39.971362 116.33339 39.971362 116.33339 
39.971692 116.3227475 39.971692 116.3227475 39.97203995 116.3235716 
39.97187242 116.4832375 39.97202871 116.4836883 39.972293 116.4846475 39.9725005 116.484655 
39.9720115 116.4156855 39.9720115 116.4156855 39.9722745 116.415407 
39.97203558 116.3256473 39.972354 116.324684 39.972531 116.325248 
39.97206495 116.3099325 39.97206995 116.3092874 
39.972128 116.319023 39.9724725 116.3189465 
39.97230665 116.3118757 39.97256003 116.3124949 
39.972331 116.442151 39.972637 116.4423555 
39.97234995 116.3455116 39.97234995 116.3455116 
39.9723865 116.4174965 39.972406 116.4167995 39.9725483 116.416865 
39.9724275 116.3327845 39.97259474 116.3334178 39.9729433 116.3272391 39.97300894 116.3335859 39.973224 116.332142 39.9733185 116.335193 39.97331856 116.334189 39.97333415 116.3327433 39.97334021 116.3342123 39.97334511 116.3338231 39.9733502 116.3337315 39.9733502 116.3337315 39.97335576 116.3338901 39.97335649 116.3335711 39.97336141 116.3342947 39.97336519 116.3343589 39.97336727 116.3343226 39.97337165 116.3341786 39.97337714 116.334255 39.9733974 116.3339704 39.97340014 116.3339758 39.97340283 116.3346945 39.97340412 116.3339492 39.9734119 116.3340907 39.97341503 116.333933 39.97341753 116.3347693 39.97342065 116.3338841 39.97342085 116.3341358 39.97342645 116.3342462 39.97342738 116.3339011 39.9734312 116.3340993 39.97343318 116.3340955 39.97343645 116.3340429 39.97343737 116.3339439 39.97344643 116.3339442 39.97345373 116.3340472 39.97346473 116.3339929 39.97346652 116.3335168 39.9734666 116.3309149 39.97347117 116.3348437 39.97347996 116.3341152 39.97348186 116.3335554 39.97349682 116.3337657 39.97349703 116.3339625 39.9735062 116.3340103 39.97350776 116.3342344 39.97351187 116.3342867 39.9735513 116.3339225 39.97355748 116.3339063 39.97357191 116.3341365 39.973579 116.334395 39.97359678 116.333553 39.9736068 116.3342611 39.97361495 116.3280174 39.9736635 116.333693 39.97366739 116.3337657 39.97367075 116.3263008 39.97367229 116.3335325 39.9737065 116.3317065 39.97374325 116.3270958 39.973816 116.331437 39.9738205 116.33652 39.97384298 116.3334005 39.973858 116.3336045 39.97386 116.3262425 39.97388504 116.3337691 39.9739471 116.3334952 39.97398667 116.3343537 39.97404805 116.3320035 39.97404845 116.3336632 39.97404845 116.3336632 39.97407182 116.3337716 39.97407182 116.3337716 39.9740766 116.3266649 39.9740865 116.330316 39.97410171 116.3355186 39.974159 116.331382 39.97416241 116.3338864 39.974176 116.3285855 39.97422192 116.333881 39.974243 116.3346075 39.974243 116.3346075 39.97427671 116.3336047 39.9742785 116.3310555 39.9742956 116.3331462 39.974309 116.3320161 39.974309 116.3320161 39.974406 116.3318457 39.974427 116.3346415 39.97445454 116.3321748 39.97447937 116.3323774 39.97448889 116.33115 39.97452376 116.3329482 39.97454737 116.3309095 39.97454909 116.3311519 39.97454909 116.3311519 39.97457268 116.331145 39.97457268 116.331145 39.974575 116.3322667 39.97460512 116.331162 39.97460512 116.331162 39.97463637 116.3320605 39.97464167 116.3316 39.9746845 116.3350295 39.97469985 116.3333423 39.97474101 116.3311456 39.97474101 116.3311456 39.97476123 116.3312997 39.974765 116.333571 39.97478979 116.3352946 39.97482495 116.3312433 39.974834 116.333199 39.9748375 116.3312985 39.97496908 116.3327949 39.97500231 116.3338662 39.975017 116.332342 39.9750366 116.3321974 39.97504448 116.3312235 39.9750558 116.3285341 39.97508333 116.3309833 39.97509018 116.327491 39.97510257 116.330383 39.975125 116.32655 39.9751385 116.335301 39.97514461 116.3295894 39.9751585 116.331327 39.97520745 116.3323525 39.9752137 116.3299967 39.97521575 116.3342875 39.97521654 116.3312248 39.975225 116.3319833 39.9752255 116.3258335 39.9752486 116.3338622 39.9752515 116.3291455 39.975275 116.33645 39.975275 116.33645 39.97528018 116.334123 39.97528333 116.332225 39.97529417 116.33699 39.97530665 116.33083 39.97531708 116.3362591 39.97534083 116.3323192 39.97534083 116.3323192 39.97537505 116.3305134 39.97537505 116.3305134 39.97537854 116.3322277 39.97537915 116.3296582 39.97538333 116.3309917 39.97539168 116.3316834 39.97539168 116.3316834 39.9754025 116.3281342 39.97540833 116.3284667 39.9754105 116.329297 39.97542 116.32826 39.9754558 116.3294316 39.975475 116.3293333 39.97548325 116.3341616 39.9754835 116.3282885 39.9755385 116.334417 39.975575 116.3298833 39.9756105 116.328703 39.97564167 116.3290167 39.97569742 116.3377599 39.97569745 116.3295108 39.97569745 116.3295108 39.9757035 116.3347855 39.9757035 116.3347855 39.975719 116.32927 39.97573387 116.3313291 39.97573387 116.3313291 39.9757391 116.3327366 39.97580995 116.3350483 39.97583333 116.3291583 39.9758435 116.3293485 39.9758435 116.3293485 39.97585833 116.3300333 39.97588495 116.3306408 39.97595833 116.3313312 39.975964 116.330031 39.975978 116.330958 39.97602917 116.3292208 39.97605745 116.3278983 39.976105 116.328852 39.97610833 116.329925 39.97612778 116.3322519 39.97615861 116.3303712 39.9761645 116.33356 39.97619237 116.3290412 39.97619417 116.3322425 39.97619417 116.3322425 39.976229 116.327093 39.9763085 116.3299715 39.9763115 116.32964 39.976328 116.3306595 39.976367 116.332973 39.976367 116.332973 39.97636825 116.3292916 39.97637415 116.3283957 39.97644167 116.3302139 39.97645889 116.3294378 39.97645889 116.3294378 39.976525 116.3291583 39.9765825 116.3305675 39.9766095 116.329698 39.9766095 116.329698 39.976632 116.330036 39.97663665 116.3305333 39.9766491 116.3337683 39.9766658 116.3288258 39.97668133 116.330818 39.97671165 116.329963 39.97671631 116.3310609 39.97674734 116.3295772 39.97675495 116.3313333 39.97684112 116.3306545 39.97687333 116.3315125 39.97687333 116.3315125 39.9768874 116.3307949 39.9768874 116.3307949 39.97695 116.3313233 39.97698333 116.3290917 39.97699829 116.3306499 39.9770545 116.332928 39.9770545 116.332928 39.9770808 116.3267174 39.97714745 116.3291207 39.977229 116.3314275 39.97734167 116.3292 39.977437 116.3280445 39.9774508 116.3258041 39.97748663 116.3284893 39.97766667 116.3290083 39.97777074 116.3304976 39.9778091 116.3321916 39.9778149 116.3289525 39.977925 116.3308961 39.97794167 116.32945 39.9780225 116.327438 39.978101 116.3295445 39.97811 116.330223 39.9781183 116.3262183 39.97816049 116.3308599 39.978183 116.329078 39.97824353 116.3320475 39.9782458 116.328835 39.97830494 116.3275475 39.97834 116.331025 39.97834936 116.3310882 39.978436 116.329524 39.978436 116.329524 39.97844289 116.3310108 39.978465 116.328071 39.9784695 116.326174 39.9784781 116.3305726 39.97849164 116.3311867 39.97855739 116.3304242 39.97855772 116.3316487 39.978615 116.327634 39.97861841 116.33275 39.9786461 116.3326525 39.97872966 116.3310726 39.97875074 116.3327189 39.978854 116.328917 39.978914 116.327637 39.9790295 116.3258205 39.97906 116.327606 39.979076 116.32685 39.97908452 116.3323759 39.979112 116.333622 39.9791683 116.3303274 39.979353 116.3285275 39.97948027 116.3270079 39.97953333 116.3285417 39.97961667 116.331575 39.97973758 116.3256412 39.97979167 116.3318583 39.979869 116.329138 39.979869 116.329138 39.979912 116.3291715 39.979912 116.3291715 39.979914 116.3278625 39.979918 116.330713 39.97999996 116.3274161 39.98005259 116.3284712 39.98005259 116.3284712 39.98005259 116.3284712 39.98015713 116.3269364 39.980344 116.328539 39.980358 116.32959 39.9803865 116.3284275 39.98038745 116.3290166 39.9805215 116.3300235 39.9806544 116.3272307 39.980705 116.329605 39.98072609 116.3278827 39.98077108 116.3277366 39.98077326 116.329159 39.98077563 116.3281166 39.98086706 116.3295698 39.98087889 116.3291865 39.98089768 116.3292919 39.98092606 116.3271931 39.98095942 116.3292615 39.980977 116.3272175 39.98098242 116.3292926 39.98100173 116.3280465 39.98104696 116.3274363 39.98106728 116.3293594 39.98108323 116.327961 39.98118046 116.327976 39.98119702 116.3312739 39.98122594 116.3311454 39.98123333 116.3271158 39.98124443 116.3284522 39.98125511 116.3278859 39.98125689 116.3280117 39.98130299 116.3309419 39.981322 116.3292925 39.98136212 116.3280439 39.981395 116.3295492 39.98145896 116.330147 39.98159108 116.331369 39.98159901 116.3312245 39.98162572 116.3312107 39.98164816 116.3311857 39.98174167 116.32715 39.98183288 116.3267927 39.98197107 116.326307 39.9821375 116.3270783 
39.97249167 116.3154417 39.9729305 116.316356 39.9729545 116.317365 39.9733658 116.3174166 39.973723 116.3171245 
39.9729825 116.320238 39.97307167 116.319865 
39.97324575 116.3885324 39.9732615 116.3882565 39.973596 116.387358 39.9736255 116.387416 39.9736255 116.387416 39.9741875 116.388051 
39.97337267 116.3418782 39.973811 116.341104 
39.9739805 116.4203615 39.9739805 116.4203615 
39.97414415 116.3006508 39.97414415 116.3006508 39.97460103 116.3012309 39.9750216 116.3013633 
39.97428255 116.3430137 39.97428794 116.3431632 39.97429734 116.3431781 39.9743119 116.3431036 39.97434639 116.3429047 39.9743713 116.3432599 39.97437298 116.3431875 39.97440398 116.3429867 39.97440959 116.3431729 39.97445651 116.3431533 39.97447084 116.3429726 
39.974652 116.3395615 39.974657 116.3398055 
39.9748 116.345188 39.97506245 116.3440791 
39.9750055 116.3744805 39.9750225 116.374083 39.975186 116.3729555 39.9752745 116.373211 39.9753245 116.372851 39.97554825 116.3720742 39.975657 116.373804 
39.9750725 116.3612305 39.9750725 116.3612305 
39.97511 116.3219675 39.97511 116.3219675 39.9756558 116.3216782 39.9762545 116.321397 39.9768525 116.32213 39.97730417 116.3223058 
39.975348 116.3822525 39.975388 116.382531 39.9754125 116.381709 39.9755735 116.381836 39.975676 116.381701 39.9756765 116.3813055 39.9757815 116.38208 39.9758705 116.382421 39.97601333 116.3820508 
39.97540833 116.3000833 39.97564167 116.3002833 39.976013 116.2999035 39.97645 116.2993115 
39.97549176 116.4448729 39.975598 116.4447523 
39.97561982 116.3113028 39.97581075 116.3114983 39.97601083 116.304155 39.97611521 116.3110195 39.976135 116.3111255 39.976265 116.31077 39.97640833 116.3119369 39.97670833 116.3110583 39.9767275 116.3043042 39.9767658 116.3097108 39.97676667 116.3112667 39.9769265 116.310875 39.97707055 116.3102296 39.9771558 116.311345 39.97730915 116.30483 39.97734 116.303815 39.97736 116.307323 39.97739745 116.3095891 39.9774308 116.3055208 39.9775007 116.3082516 39.9775007 116.3082516 39.97756134 116.3059501 39.97763 116.30979 39.97780833 116.3090833 39.9778175 116.3065058 39.9779233 116.3090992 39.97800995 116.3090116 39.9780405 116.3099595 39.9781991 116.3074516 39.9782385 116.3061415 39.97828495 116.3080208 39.9783 116.3059583 39.978576 116.308521 39.97867457 116.3068026 39.97874567 116.3076803 39.97874567 116.3076803 39.97876083 116.3080292 39.9788645 116.3098255 39.9789185 116.306951 39.97897118 116.3099176 39.9790533 116.3089624 39.97911245 116.3051608 39.97920917 116.3057217 39.97921165 116.3080341 39.97921245 116.3081299 39.979224 116.310328 39.97925667 116.3080392 39.97942083 116.3086583 39.979474 116.305539 39.9795655 116.302721 39.97957417 116.3015975 39.9796591 116.3079283 39.97977373 116.310431 39.97977583 116.3062508 39.97983823 116.3051576 39.97992745 116.3086508 39.98000995 116.3082424 39.98010495 116.3108224 39.98010745 116.3094724 39.98014249 116.3027397 39.98015213 116.3110695 39.98015213 116.3110695 39.9801691 116.3025991 39.98019618 116.3071578 39.9802475 116.3044967 39.98029825 116.30879 39.9803166 116.3079016 39.9803633 116.3019858 39.980393 116.3090315 39.98040825 116.3078558 39.98051667 116.3100333 39.98056325 116.3089416 39.9805885 116.3076895 39.9805991 116.3045241 39.98061165 116.3087891 39.9807283 116.3031308 39.98079167 116.30692 39.98081729 116.3047545 39.98082915 116.3035733 39.9809383 116.3099282 39.98095245 116.3056567 39.98112347 116.3102521 39.9811408 116.3051632 39.981225 116.306175 39.9812785 116.309347 39.98129792 116.3080993 39.9813405 116.30415 39.9813405 116.30415 39.981411 116.306515 39.9815816 116.3079399 39.98160385 116.3071145 39.981659 116.3093805 39.9816941 116.3050383 39.9817115 116.310075 39.9817315 116.306085 39.9817858 116.3044374 39.98179696 116.309011 39.9818625 116.308518 39.981984 116.304372 39.9820185 116.30773 39.98214075 116.3049266 39.982235 116.3086145 39.98240495 116.3067274 39.9826833 116.3052041 39.9828883 116.30541 39.98301667 116.3090083 39.9832066 116.306955 39.98345833 116.3079167 39.98406229 116.3084282 39.984155 116.3079145 
39.97587915 116.3392061 39.97635 116.3398505 39.9767773 116.3388924 39.9768137 116.3386944 39.976849 116.338928 39.97696063 116.3390425 39.97718282 116.3392158 39.97755 116.3382417 39.9778305 116.339402 39.978099 116.340331 39.978099 116.340331 39.97825918 116.3437782 39.97828191 116.3392985 39.9784 116.342625 39.9784 116.342625 39.9784 116.342625 39.978449 116.342317 39.978703 116.339257 39.97890576 116.341561 39.979159 116.33846 39.9792935 116.3412685 39.9793465 116.343555 39.9793675 116.343137 39.9795475 116.339041 39.97961584 116.3392322 39.979658 116.3386715 39.97968333 116.3457083 39.97968333 116.3457083 39.97968333 116.3457083 39.979705 116.3420185 39.97993 116.3459585 39.979965 116.344693 39.98011 116.3443525 39.9801175 116.3411125 39.9801345 116.3447905 39.980146 116.3439725 39.9801533 116.3381058 39.9801785 116.344673 39.980207 116.342709 39.9803 116.345203 39.980323 116.3446595 39.98034167 116.3406833 39.98034167 116.3406833 39.98034167 116.3406833 39.9803545 116.340746 39.9804545 116.345044 39.980475 116.339825 39.9805765 116.3423635 39.9806095 116.338225 39.98060995 116.3418016 39.980641 116.3394095 39.9806605 116.338731 39.9807135 116.341903 39.98078845 116.3454765 39.9808785 116.3448145 39.9808795 116.3436145 39.9808965 116.344507 39.980952 116.3455725 39.9809585 116.3426805 39.980962 116.342386 39.981124 116.342243 39.981139 116.3436885 39.981144 116.343121 39.981175 116.341 39.981175 116.341 39.981175 116.341 39.9812001 116.3396795 39.981229 116.3438595 39.9814045 116.344025 39.981544 116.342483 39.9817555 116.342114 39.9818015 116.345691 39.98204904 116.346071 39.98209115 116.3417352 39.98236 116.3429185 39.9829155 116.3428195 
39.97597781 116.422203 39.9759945 116.4212365 
39.97611995 116.4548349 39.9764785 116.4551525 
39.976505 116.3623575 39.976696 116.3623235 39.97734113 116.3619554 
39.976827 116.3360165 39.976827 116.3360165 
39.97737219 116.3426861 39.97740366 116.3415846 39.97758924 116.3417303 
39.977447 116.3206045 39.977447 116.3206045 
39.97757064 116.3014489 39.97767325 116.2986967 39.97788506 116.3017669 39.97797813 116.3005814 39.97804684 116.3006523 39.9781366 116.2991966 39.97820294 116.3001295 39.97826565 116.3010602 39.97841167 116.3027508 39.97847397 116.3003468 39.9785095 116.301181 39.97862167 116.3021308 39.97865995 116.3025933 
39.97776745 116.20227 39.97776745 116.20227 39.97776745 116.20227 39.97776745 116.20227 39.97776745 116.20227 
39.97795 116.3458083 39.97866157 116.3458045 
39.97837915 116.311975 39.9784858 116.3121666 
39.97928237 116.3228989 39.97975 116.3236417 
39.97950665 116.3150308 39.97981917 116.3151642 
39.97999878 116.4143172 39.98011026 116.4142207 39.980487 116.4140968 
39.98015621 116.3331234 39.980875 116.3329083 
39.98024046 116.3562945 39.98101029 116.3558714 
39.9803895 116.3475985 39.9803965 116.3476065 
39.9804235 116.334261 39.9809435 116.334808 
39.98087083 116.324525 39.98099671 116.3236118 39.98134688 116.3203011 39.98141846 116.3212637 39.9814448 116.3212602 39.98144948 116.3212554 39.98145463 116.3211945 39.98147754 116.3212036 39.98147836 116.3212556 39.98152047 116.321154 39.98155489 116.3209698 39.98157235 116.3213351 39.98158425 116.3212089 39.98158716 116.3211591 39.98159329 116.3212136 39.98159506 116.3211686 39.98160662 116.3212378 39.98161496 116.3212286 39.98161607 116.3210723 39.98164127 116.3211006 39.98168619 116.3211454 39.98169583 116.3212721 39.98170619 116.321265 39.98171377 116.3212304 39.98172994 116.3213165 39.981792 116.32338 39.98183915 116.3236633 39.98185243 116.3207767 39.98187873 116.3211306 39.98193944 116.3211272 39.98198526 116.3212309 39.9821791 116.3223441 39.98233047 116.3222382 39.98251825 116.3192282 39.98254167 116.32015 39.98254167 116.32015 39.9829515 116.3227175 39.9830175 116.3224617 
39.98101078 116.2558934 39.98106469 116.2556841 39.98109143 116.2557513 39.98112559 116.2556894 39.98112838 116.2556542 39.98116819 116.2557296 
39.9810716 116.3650891 39.9810716 116.3650891 
39.9811125 116.373486 39.9812616 116.3732866 
39.98163191 116.3383675 39.9819641 116.3374516 
39.9819154 116.4511513 39.98255282 116.4518178 39.982932 116.4526975 
39.98198294 116.3527251 39.98198294 116.3527251 
39.9821991 116.3727833 39.9824135 116.373732 39.982569 116.374089 
39.982214 116.3284655 39.98237743 116.3296148 39.98255383 116.330106 39.9825825 116.3291605 39.98266943 116.3294508 39.982676 116.328144 39.9826845 116.33046 39.98293 116.331307 39.9832435 116.329352 39.9832575 116.3295041 39.98335075 116.3288308 39.98337913 116.3293441 39.9835783 116.3291541 
39.98234019 116.3027329 39.98234019 116.3027329 39.982374 116.3019865 39.98286667 116.3028667 
39.98261285 116.4897469 39.98289529 116.4897807 
39.9826683 116.2993249 39.98316764 116.2992981 
39.98294845 116.2978462 39.98309326 116.2972298 39.98309326 116.2972298 
39.9829805 116.4592115 39.9829805 116.4592115 39.98325344 116.4593178 
39.9830865 116.3212445 39.9834445 116.3212685 
39.98338333 116.3461833 39.98357875 116.3454528 39.9836178 116.346117 
39.983558 116.4184635 39.98365 116.418162 39.98365 116.418162 
39.983784 116.3188925 39.98431626 116.3194211 39.9846075 116.3181975 39.9847454 116.3195528 39.98491277 116.3192741 39.98503781 116.3195001 39.98505529 116.3195047 39.9857658 116.3190866 
39.984069 116.3054263 39.9844958 116.3064275 39.984525 116.3058333 39.98462242 116.305425 
39.984075 116.3232925 39.9844416 116.3232568 39.984925 116.3224775 
39.9842983 116.3301774 39.98456667 116.330675 39.98456667 116.330675 39.98456667 116.330675 39.98501165 116.3303925 
39.9844783 116.3262841 39.9852083 116.3263599 
39.98463642 116.354239 39.98473733 116.3525442 39.98496914 116.352601 39.98502247 116.3526334 39.98509189 116.3526842 39.98517088 116.3526301 39.985211 116.3519531 39.9852785 116.353799 39.98546145 116.3513116 
39.98470391 116.3381794 39.9847697 116.3376182 39.9854541 116.338105 
39.9847495 116.4493775 39.9852975 116.449712 39.985572 116.4491055 39.9856765 116.449794 39.9856765 116.449794 39.98571806 116.4505946 39.985837 116.4494555 39.985871 116.4495145 39.985871 116.4495145 39.98608653 116.4492262 39.9861965 116.4497545 39.98627269 116.4494218 39.98643531 116.4496579 39.98678599 116.4491114 39.986872 116.449141 39.98687829 116.4487157 39.98695312 116.4498464 39.9869816 116.4493428 39.98699646 116.4494564 39.98703976 116.4480309 39.98709354 116.4495258 39.98714503 116.4492555 39.9872129 116.4491245 39.98732141 116.4491671 39.98743429 116.4489743 39.98743429 116.4489743 39.98743809 116.4493661 39.9874473 116.4493387 39.98749117 116.4495289 39.98749117 116.4495289 
39.98482245 116.328165 39.98496667 116.3276417 
39.98511995 116.3004433 39.98565833 116.300925 39.98589167 116.3010333 39.98594 116.3012315 
39.9853475 116.3360635 39.98591075 116.33673 
39.9856966 116.3077683 39.98643665 116.3084491 39.98655833 116.30795 
39.9857225 116.359294 39.9857225 116.359294 
39.9858165 116.3245705 39.98618245 116.3249783 
39.98628575 116.3545541 39.9865649 116.3535891 39.9870665 116.3529505 39.98769013 116.3527445 39.98770513 116.3527406 39.98776226 116.3527877 39.98782568 116.3527109 
39.98645 116.3294083 39.9870585 116.3286355 39.987593 116.3303535 39.9877424 116.3293466 
39.9865295 116.320133 39.9868515 116.320031 
39.98662095 116.3036876 39.98686118 116.3026153 39.98706527 116.3021023 39.98710521 116.3023851 39.98718255 116.3019948 39.98739665 116.3027067 39.98747316 116.302064 39.98747998 116.3029268 39.98761769 116.3032134 39.98763122 116.3031069 39.98765292 116.3030256 39.98777264 116.3029542 39.98780021 116.3041743 39.98795008 116.3050284 39.9880441 116.3059991 39.98821245 116.3046542 39.98844047 116.3042483 39.98846162 116.3046691 39.98856396 116.3036127 39.9886383 116.304465 39.98894915 116.3031491 39.98941665 116.3034333 39.9895958 116.3025983 
39.986719 116.408945 39.986719 116.408945 39.986719 116.408945 
39.98681996 116.3000542 39.9868375 116.3008984 39.98750854 116.3005701 
39.98682134 116.4174343 39.98682134 116.4174343 
39.98700583 116.36125 39.98779265 116.3609108 
39.987054 116.316198 39.98769495 116.3169649 39.98806575 116.3163434 39.988194 116.3162145 39.98822573 116.3162029 39.98841204 116.3160146 39.9886425 116.315499 39.988709 116.315654 39.98884704 116.3165319 39.9894815 116.3163465 39.9896575 116.316451 39.9901455 116.3171895 39.9904265 116.316744 39.99098477 116.3174547 39.99107438 116.3182622 
39.987139 116.476707 39.987139 116.476707 39.98723664 116.4770954 39.9878485 116.478155 39.9878485 116.478155 39.98797563 116.4762039 39.98797563 116.4762039 39.987976 116.477507 39.98800312 116.4769736 39.98802364 116.4766899 39.98802364 116.4766899 39.98829982 116.4758749 39.9883205 116.4762114 39.98836882 116.4782314 39.9885475 116.477178 39.98857352 116.4763359 39.9886585 116.4753175 39.9886585 116.4753175 
39.9875425 116.452797 39.98806033 116.4526257 
39.98779415 116.3275858 39.98786324 116.3274833 39.988181 116.3271315 
39.98789595 116.4690611 39.98789595 116.4690611 
39.98801819 116.3593506 39.98865665 116.3599441 
39.9880633 116.35607 39.9885316 116.3551733 
39.98850131 116.1723808 39.98850131 116.1723808 
39.9885708 116.3013691 39.98899167 116.3008417 39.98913161 116.3012165 
39.98885995 116.380205 39.98885995 116.380205 
39.9888795 116.431067 39.989003 116.430783 39.9890665 116.4311815 39.989128 116.43148 
39.9893191 116.2984307 39.98936245 116.2993983 
39.98956133 116.4185373 39.9896575 116.417739 39.990219 116.418024 
39.9896455 116.326149 39.99013917 116.3300275 39.99022387 116.3277554 39.99026808 116.3300654 39.9903415 116.325752 39.99039678 116.3302438 39.99043588 116.3301219 39.99044694 116.3275559 39.9905035 116.326102 39.9905035 116.326102 39.99050458 116.330172 39.99050522 116.3301663 39.99050694 116.3300228 39.99050919 116.3300263 39.99058381 116.3301339 39.99064036 116.3301008 39.990773 116.324731 39.9908115 116.3263165 39.99090373 116.3310862 39.99098889 116.33165 39.9911745 116.329248 39.99119069 116.3289581 39.9912175 116.3325665 39.991221 116.3273335 39.99122793 116.3314566 39.9913608 116.3250049 39.9913695 116.32913 39.99138178 116.3305969 39.99139111 116.3320646 39.99140187 116.3323799 39.99146101 116.3320494 39.99147417 116.3319347 39.99149608 116.3296917 39.991499 116.326932 39.9915025 116.325983 39.9915115 116.3276185 39.99158915 116.3266358 39.99161788 116.3309027 39.99165922 116.3284956 39.99165922 116.3284956 39.99165995 116.3310341 39.99166414 116.3285585 39.9916805 116.3278454 39.9918555 116.3294275 39.9918565 116.327889 39.99198333 116.3287917 39.99198333 116.3287917 39.99199088 116.3249935 39.99208 116.326717 39.992316 116.32816 39.992411 116.329135 39.992411 116.329135 39.992536 116.327452 39.992778 116.325239 39.99279165 116.3250433 39.99286679 116.3271903 39.9929205 116.3258765 39.99292539 116.3262875 39.9930555 116.326659 39.993114 116.3257325 39.99324 116.32714 39.99341667 116.3267917 39.993459 116.326649 39.99359 116.3263435 39.9936285 116.3277235 39.9936891 116.3256545 39.9942035 116.328428 
39.9896855 116.3087935 39.989746 116.3087545 
39.9899791 116.3105158 39.9899791 116.3105158 
39.990296 116.458426 39.990296 116.458426 
39.99068825 116.3223374 39.99068825 116.3223374 39.9910045 116.3222585 
39.9906916 116.314115 39.9908216 116.3147307 
39.99073698 116.3336243 39.99098132 116.3339761 
39.99077182 116.4502524 39.991031 116.451319 
39.990875 116.4037083 39.99114894 116.4029833 
39.99092185 116.4629703 39.99111011 116.463098 39.99111011 116.463098 39.991396 116.4623415 39.991396 116.4623415 39.9916925 116.4622215 39.9916925 116.4622215 39.9917377 116.462971 
39.99098995 116.1729677 39.99110222 116.17283 
39.99113637 116.3195833 39.9913 116.3196083 39.99190234 116.3218595 39.99196774 116.3216081 39.99198775 116.3225947 39.9920275 116.3199277 39.9920515 116.3210554 39.992303 116.319062 39.9924595 116.322953 
39.9915245 116.4176675 39.99173495 116.4152108 39.9918215 116.4168965 39.99221415 116.4158708 
39.99159628 116.2179606 39.99160849 116.217947 
39.9917035 116.4670225 39.9917035 116.4670225 39.99172733 116.4670247 39.991781 116.466792 39.99219146 116.4658483 39.99281206 116.4657529 
39.99254167 116.2942167 39.9927541 116.2934717 
39.992759 116.3311595 39.9930435 116.330533 
39.9928608 116.4173866 39.9929295 116.4175395 39.99312496 116.4181356 39.99312496 116.4181356 
39.9929492 116.3728245 39.9931343 116.373391 
39.9935065 116.4027565 39.9935065 116.4027565 
39.9935441 116.1721491 39.9935441 116.1721491 
39.994253 116.4175365 39.9946955 116.417594 39.9950945 116.4179675 39.9953375 116.4163515 39.99541115 116.4174253 39.99618138 116.4170089 39.9962378 116.4168958 39.99638831 116.4176203 39.99652848 116.417089 
39.994633 116.3268605 39.99472971 116.3273851 39.994868 116.3265397 39.9949275 116.325047 39.9950305 116.32786 39.9951065 116.3261865 39.99526095 116.327879 39.99528946 116.3284689 39.99532734 116.3284183 39.99535 116.3241205 39.995352 116.329058 39.995401 116.3252945 39.99540454 116.3292342 39.99549867 116.3288128 39.9955502 116.3282393 39.99558234 116.3293782 39.995615 116.3259325 39.99565077 116.3280136 39.9956845 116.323456 39.995695 116.3276595 39.99590644 116.3292171 39.995914 116.3264125 39.9959785 116.3271325 39.9960758 116.3289359 39.9960825 116.3227035 39.9960825 116.3227035 39.996107 116.327437 39.996169 116.327117 39.9961775 116.3236495 39.9964035 116.3278675 39.9964925 116.324334 39.9964925 116.324334 39.996707 116.3274245 39.996796 116.3254075 39.9969255 116.326834 39.9971541 116.3273025 39.997451 116.3271265 39.9975105 116.327076 39.9977965 116.3266865 39.99799 116.3267635 39.9980775 116.3269605 39.998111 116.3274455 39.998418 116.3279505 39.9984375 116.327498 39.998477 116.328024 39.9986135 116.3269665 39.9986145 116.326537 39.99893879 116.326543 39.9990075 116.326526 39.9991065 116.3268585 39.999213 116.3266275 39.99925836 116.3268431 39.99932626 116.3268266 39.999344 116.326862 39.9993975 116.323966 39.99942239 116.3270535 39.99949841 116.3263695 39.99955438 116.3271874 39.99956681 116.3271388 39.99957047 116.3271416 39.99957299 116.3277135 39.99967719 116.326923 39.999714 116.3224885 39.9997535 116.327144 39.99975457 116.3266339 39.9997567 116.3263378 39.999758 116.3260965 39.99976548 116.3267445 39.99977551 116.3272571 39.99980283 116.3273978 39.9998121 116.3266658 39.999814 116.3263685 39.999823 116.3254915 39.99982495 116.3264388 39.99984168 116.3267732 39.9998418 116.3261826 39.999848 116.3268114 39.99985405 116.3266438 39.999861 116.328659 39.99986417 116.323265 39.99987337 116.3266773 39.99987825 116.3260583 39.99988656 116.3265484 39.99990478 116.3267617 39.99991596 116.3269261 39.9999175 116.3240208 39.99993857 116.3266681 39.99994338 116.3268566 39.9999495 116.3251555 39.99997438 116.3268678 39.99997642 116.3268307 39.99997818 116.3268865 39.99997881 116.3266019 40.00001931 116.326878 40.00002112 116.3269871 40.000086 116.324174 40.00009081 116.3264286 40.00009708 116.3249264 40.00010103 116.3273532 40.00013172 116.3268018 40.00013994 116.3270326 40.00014842 116.3269354 40.00018116 116.3265755 40.0002025 116.325636 40.000221 116.326844 40.00023537 116.3270139 40.000254 116.3269095 40.00027283 116.3271381 40.00030341 116.3269959 40.00032905 116.3270893 40.00035134 116.3271023 40.000396 116.322925 40.0004 116.3226917 40.00041741 116.32708 40.00042747 116.3268826 40.00042844 116.3273337 40.00042997 116.3269124 40.000445 116.3264435 40.00044648 116.3268401 40.00044999 116.3261178 40.00049974 116.3271445 40.00052456 116.3269439 40.00052952 116.327033 40.0005375 116.3263355 40.00054838 116.3270747 40.00054887 116.3272098 40.00055251 116.3269035 40.00059294 116.3269309 40.0005975 116.326193 40.00060333 116.3229367 40.00060358 116.3269159 40.00060507 116.3269724 40.0006153 116.3270343 40.00061969 116.3269823 40.00062089 116.3274992 40.00063099 116.3268998 40.0006464 116.3278666 40.00065255 116.3269618 40.00069121 116.3269788 40.00071806 116.3270844 40.00073989 116.3255879 40.000748 116.3264335 40.0007575 116.326281 40.000789 116.327459 40.00079056 116.326971 40.000802 116.323072 40.00080415 116.3269781 40.00081461 116.3265879 40.00083736 116.3272233 40.00084811 116.3279005 40.000862 116.3233475 40.000867 116.3264075 40.000957 116.3269935 40.0009815 116.326743 40.00099367 116.3260855 40.001098 116.3260425 40.0011005 116.3272875 40.0011465 116.3263385 40.0011635 116.3229625 40.00121981 116.3269726 40.0012235 116.3270385 40.0012375 116.3266655 40.001298 116.326712 40.001318 116.3255915 40.001331 116.3251435 40.0013505 116.3274785 40.001407 116.326139 40.0014215 116.3257245 40.001468 116.326499 40.0014945 116.3264475 40.001498 116.3263925 40.001518 116.324192 40.00152535 116.3262602 40.001536 116.326869 40.001544 116.3264975 40.001693 116.3255605 40.001727 116.3261795 40.00172889 116.3271051 40.001788 116.3259755 40.0018115 116.325039 40.00195167 116.3254642 40.0020915 116.3220115 40.0023158 116.3271449 40.002348 116.3245895 40.002372 116.3244895 40.002433 116.325707 40.0024485 116.323446 40.0025015 116.323946 40.00258333 116.322975 40.0025965 116.325431 40.002606 116.3241135 40.0027225 116.3263395 40.0027745 116.324488 40.002942 116.3229615 40.002942 116.3229615 40.002992 116.3224795 40.003072 116.3243285 40.0030815 116.322182 40.0031295 116.325514 40.003163 116.3254245 40.003186 116.326895 40.0033375 116.324366 40.0033635 116.323345 40.0033795 116.324508 40.003573 116.327819 40.0035795 116.323368 40.003598 116.3209415 40.003598 116.3209415 40.003634 116.3232305 40.003697 116.325995 40.003746 116.3254245 40.00383167 116.322966 40.0039333 116.3218366 40.00396667 116.3239333 40.003973 116.325804 40.0042365 116.3269195 40.0043495 116.324013 40.0044005 116.324043 40.004496 116.3249815 40.0045195 116.3258225 40.004538 116.32172 40.0046305 116.320709 40.004698 116.324413 40.004825 116.3248255 40.0048385 116.324459 40.0049145 116.32116 40.00513333 116.323525 40.0051515 116.32454 40.00518744 116.3213241 40.0051905 116.324822 40.00543389 116.323604 40.005571 116.3251155 40.0060855 116.325636 40.00621745 116.3260533 40.00654476 116.3256838 40.0069833 116.3261666 
39.99502188 116.1972758 39.99506955 116.1973904 39.99507572 116.197107 39.99512253 116.1973476 
39.99504644 116.3215683 39.99510884 116.3214348 
39.99543575 116.2754925 39.99555723 116.274558 
39.99585574 116.3931077 39.99585574 116.3931077 
39.9972845 116.332602 39.997434 116.332294 
39.99738691 116.3751452 39.99754912 116.3761592 
39.99744293 116.3225873 39.9975495 116.3227357 39.99818164 116.3226218 
39.99756428 116.3189638 39.99783015 116.3190933 39.9978919 116.3187113 39.99818581 116.3195375 39.99833923 116.3209462 39.99858022 116.3184997 39.998734 116.320514 39.99883552 116.3196038 
39.9976956 116.3299751 39.998125 116.329649 
39.9979745 116.3238305 39.9982745 116.324454 
39.99920748 116.5034355 39.99929512 116.5030027 
39.99991897 116.3792013 39.99991911 116.3796128 40.00009111 116.3794737 40.00009387 116.3793701 40.00020454 116.3791199 
40.0008035 116.464034 40.00140346 116.4633759 
40.00134 116.42668 40.00144483 116.4269027 40.0016005 116.427088 
40.00209559 116.3556356 40.00215972 116.3555558 
40.002298 116.3196155 40.002298 116.3196155 40.003086 116.3197225 40.00372 116.3195905 
40.00248002 116.3432162 40.00257701 116.3433885 40.002623 116.3435991 40.00264934 116.3435585 40.0026874 116.3439746 40.00273136 116.3440129 40.00273576 116.3440484 40.00279182 116.3439672 40.00280336 116.3439525 40.00282456 116.3438234 40.00285945 116.3439493 40.00287548 116.3440118 40.00295 116.3448765 40.00353746 116.3439733 40.0043635 116.3441265 
40.00294189 116.759963 40.00294189 116.759963 
40.00365915 116.3926016 40.0041241 116.3928283 
40.00488995 116.4078688 40.00488995 116.4078688 
40.005111 116.31653 40.00537579 116.3171784 40.00564608 116.3169006 
40.005375 116.3151955 40.005375 116.3151955 
40.005524 116.3201665 40.005524 116.3201665 
40.00630705 116.3210086 40.006402 116.3205435 40.006485 116.320009 40.00657283 116.3210881 40.006639 116.320905 40.006839 116.3209945 40.00710219 116.3180615 40.00710219 116.3180615 40.0072435 116.321263 40.0072835 116.3188 40.0073435 116.3171335 40.00739247 116.3204054 40.00749586 116.3193751 40.00752159 116.3180168 40.00753 116.3210995 40.00756043 116.319375 40.00757573 116.3197832 40.00758044 116.3200597 40.00760532 116.3194145 40.0076373 116.319778 40.00763935 116.3195141 40.00763935 116.3195141 40.00764048 116.3195353 40.00766581 116.3196759 40.00768081 116.3198244 40.00768238 116.3197717 40.00768465 116.3197018 40.00768853 116.3196719 40.00773473 116.3196441 40.00776443 116.3208363 40.00778406 116.3193044 40.00778555 116.3193556 40.00785787 116.3203153 40.00785907 116.3193254 40.00794152 116.3193088 40.0079554 116.3197821 40.00797807 116.319352 40.00799331 116.3192922 40.0079965 116.320256 40.0079965 116.320256 40.00799768 116.3193942 40.00801252 116.3196313 40.00802103 116.3192727 40.00803906 116.3193704 40.00806561 116.3193284 40.00807919 116.3204375 40.00809002 116.3193939 40.00809022 116.3194529 40.00817083 116.3184333 
40.006319 116.3241995 40.006323 116.324073 
40.00698651 116.4403636 40.00745631 116.4394973 
40.0071055 116.4118855 40.0071055 116.4118855 
40.00711804 116.3948922 40.0072242 116.395061 
40.00714456 116.4177146 40.0074189 116.4179777 
40.007745 116.315411 40.008058 116.3150385 
40.0079815 116.3225445 40.008081 116.323419 40.0081765 116.3236975 40.0082065 116.3237745 40.00866564 116.3222156 40.00866564 116.3222156 40.008762 116.321216 40.00885 116.321125 40.0090155 116.32341 40.009337 116.3239695 40.009337 116.3239695 40.00935776 116.3224445 40.00937002 116.3204415 40.0094642 116.3220509 40.00959995 116.3241499 40.00960129 116.3208778 40.00967873 116.3222996 40.00972923 116.3221283 40.00975704 116.3227839 40.00975929 116.3228741 40.00988991 116.3228318 40.0099265 116.32311 40.0099307 116.3228637 40.009958 116.322703 40.0099655 116.3219 40.01006398 116.3223934 40.01010605 116.3220568 40.01020877 116.3223649 40.01025148 116.3218865 40.0102615 116.321995 40.01026977 116.3221289 40.01027928 116.3223132 40.01029736 116.3223044 40.010305 116.320813 40.01037715 116.3224675 40.010736 116.3215925 40.010857 116.3217448 40.01098 116.3228725 40.01110062 116.3235958 40.011389 116.3212965 40.01141296 116.3211531 40.011423 116.3233375 40.01146226 116.3208072 40.01160877 116.321182 40.01163967 116.3211286 40.01166457 116.3211755 40.0119102 116.3215476 40.01205438 116.3217418 40.012453 116.3214105 40.012454 116.3202755 40.01250173 116.3210595 
40.00805278 116.4625195 40.00814026 116.4630482 40.00849402 116.4633167 40.00849402 116.4633167 
40.00812453 116.3883622 40.00838446 116.3891541 
40.0085965 116.460564 40.0089465 116.461089 
40.0086375 116.3164865 40.00864187 116.3171854 40.00879489 116.316547 40.00896304 116.3164112 40.009223 116.3180695 40.0092465 116.316475 40.00945004 116.3155879 40.00946814 116.3154853 40.00953006 116.3153242 40.00958363 116.3150776 40.00972924 116.3153067 40.00975304 116.3152269 40.00986791 116.3151558 40.00987653 116.3151314 40.00993822 116.3151729 40.01008114 116.3151607 
40.00914266 116.4653536 40.00926436 116.4656943 40.00949425 116.4634507 40.00950893 116.4642815 40.00955238 116.4637957 40.00969865 116.4658923 40.01000233 116.4638853 40.01000233 116.4638853 
40.01100585 116.4432643 40.01111597 116.4435848 
40.01263847 116.4133636 40.013271 116.413358 
40.01349387 116.2965593 40.01351896 116.2968381 40.01367764 116.2979873 
40.01356125 116.3064441 40.01381281 116.3064864 40.0138318 116.3064731 40.01384302 116.3064985 
40.0135655 116.3691685 40.01393 116.369505 
40.01486083 116.4555733 40.01486083 116.4555733 
40.01493156 116.5425932 40.01493156 116.5425932 
40.01763612 116.3408396 40.01767102 116.3417417 
40.0196833 116.3854383 40.0196833 116.3854383 
40.0208716 116.4724054 40.02108001 116.4727834 
40.021735 116.3309935 40.022021 116.331551 40.02208825 116.3319166 40.02224167 116.3315333 40.0222941 116.3308957 40.02233495 116.3316108 40.02234167 116.33175 40.02240995 116.3319583 40.0224158 116.3317174 40.02241667 116.3316167 40.02242415 116.3314033 40.0224341 116.3313341 40.02244167 116.331575 40.02244167 116.3319667 40.02244325 116.3321783 40.02244915 116.3314725 40.0224516 116.3313282 40.02245245 116.3315475 40.0224566 116.33172 40.02245745 116.3316799 40.02246667 116.3310167 40.02246667 116.3317167 40.0224716 116.3317717 40.0224815 116.331447 40.0224858 116.3319741 40.02249495 116.3313324 40.02250245 116.331515 40.02253333 116.331625 40.0225533 116.3315175 40.02256667 116.33155 40.02257415 116.3313366 40.0225849 116.3314625 40.02260665 116.3316875 40.02260833 116.330475 40.02262415 116.3314916 40.022625 116.3311083 40.02262575 116.3314966 40.02263075 116.3306991 40.0226341 116.3315258 40.0226441 116.3314208 40.02265833 116.3317333 40.0226733 116.3309933 40.0226825 116.3307785 40.0226983 116.3309733 40.02271667 116.33155 40.0227233 116.3310258 40.02276245 116.3311983 40.0227883 116.3313283 40.02284167 116.331 40.02284325 116.3305175 40.02289245 116.3312766 40.02294167 116.3312167 40.02305245 116.331205 40.023075 116.3313167 40.0230858 116.3312224 40.0231941 116.3309558 40.02326745 116.3312892 40.0234724 116.33152 40.0234966 116.3312133 40.0236783 116.3311174 40.0238691 116.33109 
40.02222333 116.2925467 40.0223505 116.2935835 
40.02230995 116.3160324 40.0224805 116.315302 40.0228083 116.3161075 
40.0223741 116.3245091 40.02240995 116.3228333 40.02244495 116.3230024 40.0224783 116.3231574 40.0224783 116.3231574 40.0224916 116.3234316 40.0225566 116.3236575 40.0225808 116.3237033 40.02258745 116.3224407 40.0226266 116.3235033 40.02266495 116.323775 40.022864 116.3221065 40.02312995 116.3238916 40.02317325 116.3240908 
40.0230741 116.3756283 40.0235985 116.3752125 
40.02364547 116.4259591 40.02378462 116.4263133 
40.0237907 116.5559831 40.0237907 116.5559831 
40.02397665 116.3578983 40.0242766 116.3588707 40.02475021 116.3593795 
40.02492587 116.4297887 40.02499005 116.4301552 
40.02548531 116.3404927 40.02572342 116.3413027 
40.0255441 116.33103 40.02607325 116.3304041 40.02612575 116.3297825 40.0265491 116.3307175 40.02666667 116.3306417 40.02702995 116.3310075 40.02748679 116.3317628 
40.02731969 116.4329893 40.0273853 116.4334853 40.02745015 116.4329625 40.02749411 116.432585 40.02751823 116.4329433 
40.02784838 116.4921162 40.02807722 116.4924932 
40.02807723 116.4307871 40.02807723 116.4307871 40.02818747 116.4313826 40.02823316 116.4302808 
40.02888662 116.636838 40.02928124 116.6377653 
40.029342 116.4340715 40.029393 116.433726 
40.02947575 116.4101725 40.02972745 116.4092275 40.03048862 116.4086378 
40.029595 116.426385 40.03002913 116.4259934 
40.02974167 116.3298417 40.03033333 116.3301167 40.030675 116.3310083 
40.03019289 116.3600328 40.03025465 116.3600471 40.03030938 116.3595893 40.03033202 116.3600312 40.03033947 116.3600084 
40.030609 116.3229185 40.030609 116.3229185 
40.03066022 116.4214448 40.0309184 116.4214664 40.03093232 116.4214259 
40.03235968 116.4346469 40.03258922 116.4357776 
40.03249995 116.3532807 40.0330291 116.35402 
40.03313923 116.4542132 40.03313923 116.4542132 
40.03359372 116.5096747 40.0338224 116.509837 
40.033787 116.3955357 40.03390061 116.3959807 
40.03455245 116.301494 40.03464013 116.3014667 
40.03528547 116.4606813 40.03534276 116.4608316 
40.035985 116.4380905 40.035985 116.4380905 
40.03646694 116.3637924 40.03646694 116.3637924 
40.04093632 116.4978711 40.04128005 116.4988905 
40.04132212 116.6754857 40.04132212 116.6754857 
40.04557173 116.4340559 40.04557173 116.4340559 
40.04691473 116.3332115 40.04691473 116.3332115 
40.04942566 116.449211 40.04942566 116.449211 
40.05057693 116.5585502 40.05113549 116.5593489 
40.05191143 116.5436893 40.05220953 116.5431282 
40.05195275 116.4002601 40.05196098 116.4001384 40.05228319 116.4006911 40.05236424 116.4007059 40.05238904 116.4005117 40.05239116 116.4005168 40.05247175 116.4008542 40.05257096 116.4001543 40.05259677 116.4001 40.05263845 116.4006944 40.05263891 116.4001778 
40.05213646 116.6383746 40.05213646 116.6383746 
40.05234184 116.4092596 40.05245346 116.4082245 
40.05267644 116.5494222 40.05302402 116.5497264 
40.05280711 116.6416387 40.05280711 116.6416387 
40.053897 116.6090245 40.05472245 116.6093233 
40.05393953 116.459242 40.05393953 116.459242 
40.05787618 116.5806623 40.05804733 116.5801526 
40.06152721 116.4917253 40.06152721 116.4917253 
40.06179485 116.4756845 40.06236943 116.476507 
40.06423965 116.566203 40.06429542 116.5661037 40.06430858 116.5660245 40.06432154 116.5660611 40.06434114 116.5663033 40.06435563 116.5662243 40.06437814 116.5660803 40.06439369 116.5662232 40.06440929 116.5659858 40.06461498 116.5667704 
40.0649895 116.4055235 40.065188 116.4054035 
40.06602455 116.4046348 40.06613554 116.4047646 40.06623955 116.4047807 40.06628798 116.4049507 40.06629823 116.4049087 40.06639546 116.4049307 40.06679783 116.4048925 
40.069475 116.3190917 40.069475 116.3190917 40.069475 116.3190917 
40.0707933 116.6922182 40.0707933 116.6922182 
40.07210947 116.4165952 40.07212239 116.4166083 
40.07720629 116.6356698 40.07729195 116.6365739 
40.0777365 116.588437 40.0777365 116.588437 40.0779 116.5890333 
40.07828745 116.4062758 40.07828745 116.4062758 
40.0792225 116.5877887 40.07970041 116.5880962 
40.079225 116.5803667 40.079225 116.5803667 
40.08025976 116.6446153 40.08079939 116.6440372 
40.08084286 116.5377603 40.08084286 116.5377603 
40.08243832 116.6377757 40.08293333 116.6377636 
40.08606911 116.5476456 40.08606911 116.5476456 
40.086159 116.3087505 40.0869165 116.3090705 
40.08803461 116.306915 40.08820767 116.3059901 40.0882588 116.3059899 40.08844044 116.305834 
40.09006245 116.5850144 40.09006245 116.5850144 
40.09378359 116.7656293 40.09378359 116.7656293 
40.09480483 116.6583773 40.09489534 116.6577715 
40.09600993 116.6931512 40.09600993 116.6931512 
40.09950769 116.7009186 40.09994738 116.7015753 
40.100295 113.2954775 40.100295 113.2954775 
40.1014366 116.7419911 40.1014366 116.7419911 
40.10146471 116.7836382 40.10146471 116.7836382 
40.10658774 116.795271 40.10658774 116.795271 
40.12917237 116.6733722 40.12917237 116.6733722 
40.13150958 116.8387573 40.13150958 116.8387573 
40.1480577 117.1235556 40.1481355 117.1234135 
40.14873444 116.8347415 40.14873444 116.8347415 
40.158114 117.3367707 40.158114 117.3367707 
40.15978985 116.7145196 40.15983811 116.7141326 
40.16107192 116.7716529 40.16107192 116.7716529 
40.16653457 116.1280053 40.16713025 116.1274561 40.16754808 116.1278848 40.16768045 116.1277504 40.1677306 116.1280368 
40.16997001 116.7051067 40.16997001 116.7051067 
40.1790775 116.385607 40.1795805 116.3859025 
40.19688607 116.6391372 40.19688607 116.6391372 
40.20710242 116.3431264 40.20710242 116.3431264 
40.21169028 116.1279895 40.21171401 116.1280229 40.21179678 116.1280457 40.21180458 116.1280327 
40.34827443 117.3387633 40.34831516 117.3378893 
40.36008444 116.0145178 40.36008444 116.0145178 40.36030097 116.0148189 40.36049909 116.0149853 
40.36055563 116.6660964 40.3605955 116.6661542 
40.3655971 116.6818876 40.36564859 116.6817023 
40.37722355 115.8946177 40.37728303 115.8946782 40.37740005 115.8946894 
40.4035341 117.5480139 40.40360054 117.5487787 
40.41036492 117.5353812 40.41036492 117.5353812 
40.413905 -3.698424 40.413905 -3.698424 
40.446692 -3.666446 40.446692 -3.666446 
40.4643605 -3.6511025 40.4643605 -3.6511025 
40.4662165 -3.6105595 40.4662165 -3.6105595 
40.470011 -3.569458 40.470011 -3.569458 
40.51940083 114.2797369 40.51940083 114.2797369 
40.60115191 -3.699240114 40.60115191 -3.699240114 
40.60118042 -3.909993262 40.60118042 -3.909993262 
40.61288914 -3.710362966 40.61288914 -3.710362966 
40.65764099 118.3153442 40.65764099 118.3153442 
40.65946548 118.3196345 40.65946548 118.3196345 
40.71140551 177.0042475 40.71140551 177.0042475 
40.92714143 119.099711 40.92714143 119.099711 
40.96752164 117.9309796 40.96792941 117.9305816 
40.98183131 117.9352466 40.9819366 117.9340833 
41.17010579 119.9109202 41.17010579 119.9109202 
41.19539042 120.1219901 41.19539042 120.1219901 
41.22222134 200.0793552 41.22222134 200.0793552 
41.299959 2.0708235 41.299959 2.0708235 
41.33322858 120.2049107 41.33350017 120.2040207 
41.40352467 2.173842314 41.40352467 2.173842314 
41.49145563 120.6311413 41.49184738 120.6304453 
41.59048782 177.4329294 41.59048782 177.4329294 
41.60213875 166.945299 41.60213875 166.945299 
41.64110668 2.064112003 41.64110668 2.064112003 
41.69956939 121.4389991 41.69956939 121.4389991 
41.99897195 122.1423395 41.99940583 122.1432029 
42.01175197 122.5278888 42.01175197 122.5278888 
42.176196 127.4771765 42.176196 127.4771765 
42.66548355 211.9992024 42.66548355 211.9992024 
43.05246948 127.2231439 43.05246948 127.2231439 
43.7013835 7.263804 43.7013835 7.263804 
43.7206315 7.3418475 43.7206315 7.3418475 
43.88950942 7.2946336 43.88950942 7.2946336 
43.89196003 125.2957523 43.89267338 125.2962991 43.893384 125.2960395 
43.9781975 8.000054 43.9781975 8.000054 
43.98496639 11.21586613 43.98496639 11.21586613 
43.99322265 7.239266777 43.99322265 7.239266777 
44.08024439 11.23913312 44.08024439 11.23913312 
44.14390513 11.25711069 44.14390513 11.25711069 
44.21626181 193.1712483 44.21626181 193.1712483 
44.27869891 7.362140227 44.27869891 7.362140227 
44.36521449 7.374109739 44.36521449 7.374109739 
44.97392839 -93.22977036 44.97392839 -93.22977036 
44.9830865 -93.170427 44.9830865 -93.170427 
45.2024362 -93.62942518 45.2024362 -93.62942518 
46.0995875 181.1883583 46.0995875 181.1883583 
46.1956645 4.784514 46.1956645 4.784514 
46.30574583 181.5100167 46.30574583 181.5100167 
46.59516585 125.028403 46.5952938 125.0285298 
46.62111583 124.9165099 46.6211219 124.9168429 46.62114816 124.9166758 46.62130241 124.9168666 
46.64005425 124.9669667 46.64014798 124.9674942 
46.84535075 182.1913775 46.845475 182.190759 
46.8580849 182.2250067 46.8580849 182.2250067 
47.615397 -122.1973165 47.615397 -122.1973165 
47.62994663 -122.1366169 47.63050819 -122.1384241 47.63053761 -122.1372599 
47.63255423 -122.1402769 47.63255423 -122.1402769 
47.63257999 -122.1418199 47.63279191 -122.1420014 
47.642321 -122.1427925 47.6430255 -122.14225 47.64358 -122.141535 
47.65271995 -122.1356016 47.6530155 -122.1352955 
47.78583468 143.37353 47.78583468 143.37353 
48.4453927 206.6876163 48.4453927 206.6876163 
48.8800015 2.3227785 48.8800015 2.3227785 
49.06902925 -175.7459267 49.06902925 -175.7459267 
49.16582877 -176.1489185 49.16582877 -176.1489185 
49.20378039 2.373263095 49.20378039 2.373263095 
49.29263402 2.316476379 49.29263402 2.316476379 
49.34993218 2.312206222 49.34993218 2.312206222 
53.306375 155.1259667 53.306375 155.1259667 53.306375 155.1259667 
54.34271525 -181.1263083 54.34271525 -181.1263083 
54.65304 212.540831 54.65323737 212.5417572 
55.2042945 151.345349 55.2042945 151.345349 
55.67215812 177.6335762 55.67215812 177.6335762 
55.6754625 177.2534917 55.6754625 177.2534917 
56.3001835 173.1038307 56.3001835 173.1038307 
59.058333 171.0710952 59.058333 171.0710952 
59.07363045 210.1518029 59.07363045 210.1518029 
59.08208958 210.1019708 59.08208958 210.1019708 
59.477165 175.0055695 59.477165 175.0055695 
59.48869 174.9586322 59.48906175 174.958232 
59.66580225 174.7777395 59.66580225 174.7777395 
59.761744 179.1619993 59.761744 179.1619993 
59.80037284 174.7359888 59.80037284 174.7359888 
59.822917 174.552759 59.8230665 174.553001 59.823158 174.5524185 59.8234755 174.5528002 59.8234755 174.5528002 
59.83591247 174.6458664 59.8366795 174.6465582 
59.83674225 174.4386977 59.83674225 174.4386977 
59.856344 174.600042 59.856344 174.600042 
59.85742745 174.6713262 59.85742745 174.6713262 
59.859676 174.505798 59.85979462 174.5071716 
59.8604705 174.6579967 59.86064625 174.6583983 
59.86060417 174.6076167 59.86060417 174.6076167 59.86060417 174.6076167 59.86085075 174.6073563 
59.861715 174.6585108 59.86190175 174.657283 
59.862815 174.6585935 59.8633675 174.6583288 59.86374075 174.6580255 59.86376225 174.659869 
59.8684575 174.608733 59.86918269 174.6090951 
59.87696475 174.5654113 59.87704275 174.5647075 59.877242 174.5654105 59.8778 174.5662083 
59.88161725 174.5778895 59.88163825 174.5761736 59.88211025 174.576142 59.882875 174.5753745 
59.88182375 174.5856127 59.882134 174.585451 
59.88203325 174.569888 59.88245875 174.5702765 
59.8845 174.4461854 59.885105 174.4449005 
59.89078025 174.6865775 59.89078025 174.6865775 
59.89314695 174.5431443 59.89314695 174.5431443 
59.89386615 174.6587812 59.89386615 174.6587812 
59.89534525 174.5290453 59.89557083 174.5298417 
59.89710194 174.771927 59.89710194 174.771927 
59.89827525 174.6713975 59.89827525 174.6713975 
59.89926975 174.5443442 59.89926975 174.5443442 
59.90184474 174.5338105 59.90219492 174.533135 
59.902498 174.589911 59.90280077 174.590947 
59.9060549 174.6169303 59.9060549 174.6169303 
59.90914327 174.4993941 59.90940785 174.499767 
59.9102775 174.5989877 59.91063083 174.5995883 
59.910351 174.5939765 59.910351 174.5939765 
59.9131175 174.987242 59.9131775 174.9882637 59.913788 174.989348 
59.91379075 174.652847 59.914251 174.6543767 
59.91379167 174.5697125 59.91379167 174.5697125 59.91379167 174.5697125 
59.91471907 174.7943896 59.91505 174.7958895 
59.91919134 174.6321892 59.9196865 174.6313455 
59.92729425 174.5537863 59.92806323 174.5540037 
59.93083269 174.5277386 59.93116475 174.526195 
59.93266359 174.5332467 59.93266359 174.5332467 
59.939025 174.474675 59.93918245 174.4747895 
59.9400691 174.5568028 59.9400691 174.5568028 59.940609 174.5580288 
59.94138275 174.565501 59.941493 174.5655833 
59.943791 174.6310912 59.94438542 174.6318174 
59.9441045 174.6693657 59.9441045 174.6693657 
59.94471351 174.5363895 59.94471351 174.5363895 59.9451315 174.537746 
59.94493413 174.4620024 59.94508324 174.4606589 
59.94533262 174.6299761 59.9459267 174.6288639 
59.94606925 174.481612 59.946262 174.4801483 
59.94801712 174.4279728 59.94801712 174.4279728 
59.94828875 174.628491 59.94830478 174.628371 
59.94941621 174.5614985 59.94941621 174.5614985 
59.94959167 174.4701792 59.95035061 174.4692749 
59.9504045 174.5689355 59.95125975 174.5693725 
59.95099584 174.463566 59.95161777 174.4636198 
59.95201658 174.4540287 59.9527124 174.4547349 
59.95269298 174.5144286 59.95322917 174.5151042 
59.95279705 174.4630137 59.95311575 174.4615795 
59.95349792 174.4700838 59.95368663 174.4687454 
59.95382275 174.6317963 59.95389375 174.6316657 59.9541195 174.6328443 59.9543635 174.631861 59.9545345 174.63221 
59.9542591 174.4573957 59.95469535 174.4578445 59.9552224 174.457829 
59.95534139 174.7262206 59.95614971 174.7263692 
59.95616225 174.6272917 59.95616225 174.6272917 
59.95633575 174.6297928 59.95649675 174.6301195 59.95669825 174.6304128 
59.95783144 174.633496 59.95783144 174.633496 
59.95928575 174.4690999 59.9598249 174.4681087 
59.960505 174.4912237 59.96097925 174.491025 
59.96083275 174.500858 59.96117055 174.5008711 59.96205325 174.5010223 59.9623429 174.5003643 
59.96144743 174.4630354 59.96171865 174.4646091 
59.961835 174.5029872 59.961835 174.5029872 
59.9629362 174.4863387 59.9634586 174.4849763 
59.96344575 174.5399677 59.96344575 174.5399677 
59.964041 174.4898763 59.964041 174.4898763 
59.9640928 174.4997307 59.964238 174.4998615 59.964238 174.4998615 59.9645278 174.5003216 
59.9643955 174.5263155 59.9643955 174.5263155 
59.96449025 174.495626 59.96487475 174.4942398 59.96527527 174.493806 59.96570779 174.4936996 59.966139 174.494246 59.9663495 174.49316 59.966764 174.494138 
59.96484583 174.4821308 59.96510247 174.4829078 
59.96546282 174.4902354 59.96546282 174.4902354 
59.96552865 174.4959957 59.96568889 174.4958176 
59.965639 174.626951 59.965639 174.626951 
59.966593 174.4895657 59.966593 174.4895657 
59.96784435 174.5119367 59.968431 174.5125473 
59.9684116 174.494967 59.9693 174.4950708 59.9693 174.4950708 59.9693 174.4950708 59.96997887 174.4948403 
59.9697415 174.5156335 59.969778 174.5129328 59.969901 174.5148035 59.97009025 174.5133035 59.97061225 174.512513 
59.96985125 174.5789867 59.97054675 174.5794465 
59.97033309 174.4596645 59.97033309 174.4596645 59.97043725 174.4610285 
59.97059025 174.516755 59.971132 174.5156978 59.97117083 174.5144792 59.97125075 174.5172427 59.97126325 174.5185917 59.9715815 174.512275 59.97161975 174.5156585 59.97166625 174.5137945 59.9716935 174.5116498 59.97188407 174.5150296 59.97213255 174.5119943 59.9723695 174.513484 
59.97008182 174.4671936 59.97068363 174.4683765 
59.97146417 174.4640683 59.97196667 174.4654125 
59.97238125 174.508776 59.97276075 174.5090632 
59.97727925 174.503351 59.97803245 174.5026408 
59.97847917 174.4584583 59.9791874 174.457604 
59.9793315 174.4525042 59.9798041 174.4516224 
59.98107083 174.4810833 59.98165833 174.4814375 
59.9818796 174.4892442 59.98212083 174.4908458 
59.98239635 174.6774239 59.98251177 174.6770351 
59.98278008 174.451553 59.983027 174.4520145 
59.988046 174.4881357 59.988046 174.4881357 
59.98975825 174.4887343 59.9901675 174.4880582 
59.993384 174.489286 59.9942484 174.488994 
59.99463193 174.4849051 59.99463193 174.4849051 
59.99572435 174.4901684 59.99574925 174.4909685 
59.997051 174.4897883 59.9973835 174.4909694 
59.9982845 174.4915572 59.9983565 174.4902062 
60.00067131 174.4857825 60.00101471 174.4862313 
60.0017454 174.4905588 60.00228947 174.489223 
60.00293689 174.4878174 60.00312175 174.4866415 
60.0041442 174.4873768 60.00423244 174.4862192 60.00451 174.4886132 60.0047585 174.4863942 60.005368 174.4872592 
60.00506517 174.482946 60.00506517 174.482946 
60.00571208 174.5124896 60.00628342 174.5117391 
60.0063865 174.4851225 60.00648053 174.4876454 60.0067995 174.4868243 60.00706807 174.4862008 60.00748225 174.484704 
60.0070433 174.4815989 60.00717362 174.4824399 60.0073827 174.482041 
60.00901625 174.482767 60.00939287 174.4825583 60.00994175 174.483991 60.01003361 174.4834404 60.01045508 174.4824656 60.01061625 174.4808977 
60.00916075 174.4862932 60.009755 174.4859038 
60.00961536 174.4937992 60.00961536 174.4937992 
60.01410801 174.6957973 60.01410801 174.6957973 
60.0319478 174.6829807 60.0319478 174.6829807 
60.04636195 175.074022 60.04636195 175.074022 
60.07224296 174.714 60.07224296 174.714 
60.1584415 169.7831683 60.1584415 169.7831683 
60.25158927 174.456346 60.25158927 174.456346 
60.38522822 174.2341694 60.38522822 174.2341694 
60.61445 175.4980958 60.61445 175.4980958 
60.68265075 -5.52971925 60.68265075 -5.52971925 
60.74680921 -5.623275131 60.74680921 -5.623275131 
61.1387325 -2.5238225 61.1387325 -2.5238225 
62.08988033 3.244320157 62.08988033 3.244320157 
62.20475434 3.195102501 62.20475434 3.195102501 
63.25234424 189.5457985 63.25234424 189.5457985 
65.6552875 3.24289575 65.6552875 3.24289575 
65.77803325 15.248373 65.77803325 15.248373 
65.84418906 16.89105634 65.84418906 16.89105634 
65.90013525 185.0068655 65.90013525 185.0068655 
66.62965417 193.91695 66.62965417 193.91695 66.62965417 193.91695 
68.06128675 135.3082045 68.06128675 135.3082045 
68.865985 204.7237893 68.865985 204.7237893 
69.816542 205.9981676 69.816542 205.9981676 
69.82525413 203.5860384 69.82525413 203.5860384 
69.8263975 203.7830573 69.82672475 203.7837799 
69.848126 203.679277 69.848126 203.679277 69.84847738 203.6811288 
69.86307825 203.7382074 69.86383813 203.7379091 
69.86529995 203.7034834 69.86529995 203.7034834 
69.87978312 203.6516819 69.88005387 203.6507718 
69.89790425 203.896147 69.89804825 203.8965624 69.898449 203.897012 
69.89819897 203.7450335 69.89819897 203.7450335 
69.9049455 203.7032497 69.9049455 203.7032497 
69.93782894 203.6645642 69.93782894 203.6645642 
69.94669932 203.5396813 69.94686911 203.5413768 
69.94708703 203.5363613 69.9473293 203.5363383 
69.94899838 203.7388884 69.94899838 203.7388884 
69.9574665 203.6384256 69.9574665 203.6384256 
69.96042572 203.7064163 69.96128429 203.7060024 
69.96403767 203.5772964 69.9643861 203.5793952 
69.97314597 203.571715 69.97314597 203.571715 
69.99529009 203.5694395 69.99529009 203.5694395 
70.13972511 203.5064512 70.13972511 203.5064512 
72.48641117 3.766646251 72.48641117 3.766646251 
72.85939713 208.9072602 72.85939713 208.9072602 
73.30110575 3.48260925 73.30110575 3.48260925 
73.37521562 220.7485932 73.37521562 220.7485932 
73.45631369 3.503488047 73.45631369 3.503488047 
73.825291 220.2739026 73.825291 220.2739026 
74.85661822 218.302275 74.85661822 218.302275 
74.88886856 218.1022857 74.88886856 218.1022857 
77.62109208 4.061300125 77.62109208 4.061300125 
77.994761 232.0565613 77.994761 232.0565613 
80.19653004 4.212506063 80.19653004 4.212506063 
81.126886 240.9315242 81.126886 240.9315242 
81.68365125 3.961725375 81.68365125 3.961725375 
82.25585137 84.59706325 82.25585137 84.59706325 
89.70493262 4.326105187 89.70493262 4.326105187 
